samples: 113 r2 stat 0.9999735895685838
Partial Molar Volumes:

[1.03954054 0.24462003]
Matrix of selected instances
[[7.76222038e+00 2.04001207e+03]
 [4.91176471e+00 1.49583501e+03]
 [6.24730737e+00 1.56352918e+03]
 [8.21354598e+00 2.04520121e+03]
 [1.76294532e+01 4.57471026e+03]
 [2.68475559e+00 8.86327968e+02]
 [1.30352113e+01 4.02993360e+03]
 [1.59921292e+00 5.57368209e+02]
 [1.34494615e+01 3.88896579e+03]
 [1.32332229e+00 4.42201207e+02]
 [8.76864126e+00 3.23341247e+03]
 [1.89664457e+00 7.88323944e+02]
 [1.96768848e+00 7.23983903e+02]
 [1.17145816e+01 3.26080885e+03]
 [7.71023198e+00 1.87471429e+03]
 [1.63314002e+01 3.70961569e+03]
 [2.76553438e+00 8.89651911e+02]
 [3.42481359e+00 1.09356338e+03]
 [8.43144159e+00 2.53408652e+03]
 [1.68289147e+00 6.00016097e+02]
 [8.11599006e+00 2.21868209e+03]
 [1.97100249e+00 5.05327968e+02]
 [3.35542668e+00 8.48295775e+02]
 [7.67398509e+00 1.89022334e+03]
 [1.32392295e+01 4.53274447e+03]
 [8.03417564e+00 3.89118712e+03]
 [1.39498757e+00 1.13870825e+03]
 [1.43806959e+00 1.55207847e+03]
 [4.10977630e+00 2.99743058e+03]
 [7.85936205e+00 3.84416499e+03]
 [4.86309031e+00 2.51790744e+03]
 [1.99979287e+00 1.06821127e+03]
 [1.14521541e+01 3.78989336e+03]
 [2.09320630e+00 9.62034205e+02]
 [1.58989229e+00 4.89553320e+02]
 [5.73342999e+00 1.64819517e+03]
 [1.43608119e+01 2.94169014e+03]
 [1.81039768e+01 4.39707646e+03]
 [5.10874068e+00 1.38063380e+03]
 [7.82352941e+00 2.01918913e+03]
 [8.42564209e+00 1.45085513e+03]
 [4.87282519e+00 9.56933602e+02]
 [5.25973488e+00 1.33937626e+03]
 [3.03231152e+00 6.34464789e+02]
 [1.83798674e+01 3.60173843e+03]
 [1.85211268e+01 4.73819517e+03]
 [1.32597349e+01 3.28940443e+03]
 [2.50994200e+00 6.30203219e+02]
 [1.92067109e+00 4.52058350e+02]
 [5.16797846e+00 1.10330785e+03]
 [8.92916321e+00 1.79009256e+03]
 [9.54349627e+00 2.66555332e+03]
 [1.36899337e+01 3.54260161e+03]
 [1.35231980e+01 3.70975453e+03]
 [7.09797017e+00 1.49643662e+03]
 [3.28562552e+00 5.85993964e+02]
 [2.37543496e+01 4.68079276e+03]
 [3.15969345e+00 5.74052314e+02]
 [5.73156587e+00 1.30820724e+03]
 [2.01190969e+01 4.23585111e+03]
 [5.40120133e+00 1.09974849e+03]
 [1.98974731e+01 3.52678270e+03]
 [2.23902237e+00 4.78191147e+02]
 [8.99792875e+00 2.05538028e+03]
 [7.79722452e+00 1.35000805e+03]
 [5.29867440e+00 8.67599598e+02]
 [4.77423364e+00 7.10358149e+02]
 [1.62056752e+01 1.98564990e+03]
 [8.67812759e+00 9.63545272e+02]
 [1.11338028e+01 1.06476056e+03]
 [2.33844242e+01 4.23906439e+03]
 [7.14146645e+00 7.76100604e+02]
 [4.79494615e+00 6.07708249e+02]
 [1.47899751e+01 2.46200201e+03]
 [5.49378625e+00 8.26309859e+02]
 [1.67400580e+01 2.08709256e+03]
 [7.19014085e+00 1.12063380e+03]
 [2.26789561e+01 4.18575050e+03]
 [2.49834300e+00 5.03895372e+02]
 [9.16217896e+00 1.81551509e+03]
 [8.99668600e+00 1.90894769e+03]
 [6.35956918e+00 1.27415493e+03]
 [5.67564209e+00 1.02051509e+03]
 [6.11930406e+00 9.69663984e+02]
 [2.86661143e+00 4.99094567e+02]
 [1.30909279e+01 2.35466197e+03]
 [3.71313173e+00 8.32152918e+02]
 [1.55420464e+01 2.54429175e+03]
 [1.19540182e+01 2.50659155e+03]
 [7.83160729e+00 1.81370423e+03]
 [3.87013256e+00 7.12185111e+02]
 [5.38773819e+00 8.20462777e+02]
 [2.31360812e+01 3.93867606e+03]
 [1.95041425e+01 2.25658954e+03]
 [2.02009114e+01 2.86557143e+03]
 [9.44594035e+00 8.81519115e+02]
 [8.86164043e+00 8.42327968e+02]
 [2.20739437e+01 3.59789940e+03]
 [2.03492129e+01 2.93487123e+03]
 [1.98179370e+01 2.60475654e+03]
 [1.91393952e+01 1.95890342e+03]
 [1.87069180e+01 1.84048089e+03]
 [1.95256835e+01 2.22499598e+03]
 [1.74088650e+01 1.50319517e+03]
 [6.83326429e+00 6.86790744e+02]
 [4.58264292e+00 5.60245473e+02]
 [3.13918807e+00 4.32619718e+02]
 [7.82746479e+00 7.18350101e+02]
 [1.04266777e+01 8.85772636e+02]
 [2.03512842e+01 2.28019115e+03]
 [5.56855841e+00 6.23456740e+02]
 [1.84349627e+01 2.28923139e+03]
 [1.18388567e+01 1.31214085e+03]]
N . X_bar
[ 507.09695775  371.01718402  388.96488347  508.83549532 1137.39229411
  219.60448662  999.35311031  138.0058749   965.30019101  109.54691988
  800.07281564  194.81146591  179.14645634  809.83694296  466.6077641
  924.42345608  220.50156265  271.06773979  628.65314644  148.52538963
  551.1709814   125.66227979  210.99824016  470.36390933 1122.5628046
  960.21416314  280.00099262  381.16441419  737.50383922  948.52988178
  620.98597492  263.38473841  938.98880706  237.50880924  121.40730545
  409.14168559  734.5249776  1094.43279442  343.04142573  502.06698334
  363.6670226   239.15062596  333.10596835  158.3550066   900.16398138
 1178.31090845  818.43824247  156.76951708  112.57914276  275.26352211
  447.17472229  661.96858516  880.82255421  921.53817742  373.43699902
  146.76140211 1169.70927542  143.70932386  325.97189062 1057.08864298
  274.63527693  883.40591995  119.30268737  512.14089851  338.34454069
  217.74042671  178.73084133  502.57619498  244.72373901  272.0358007
 1061.26911563  197.27359708  153.64215133  617.62978558  207.84295632
  527.9466131   281.60391772 1047.49410919  125.86003006  453.63581294
  476.31926066  318.29484747  255.53849242  243.56049779  125.06848701
  589.6060332   207.42122287  638.54131244  625.58918732  451.80965585
  178.23790305  206.30240157  987.52995064  572.28234786  721.97583603
  225.45667051  215.26232751  903.06501873  739.08212041  657.77717257
  499.08319136  469.66508961  564.57632267  385.80886922  175.10622799
  141.81110765  109.09076187  183.85979037  227.51668323  578.93641244
  158.29874897  579.15574273  333.28290477]
X
[ 507.03770927  372.76644059  389.7993763   507.41012442 1134.28618538
  219.33872053 1001.14692903  138.33953122  967.37430877  109.4880414
  799.27611742  193.47496482  178.34012606  812.30931022  466.64055254
  921.43277988  221.04689054  269.6219341   627.50421543  149.14783222
  548.92170252  125.93802059  211.0835499   471.35017286 1121.75567267
  962.1222043   280.66152162  379.06883267  739.9229828   949.99514412
  621.45936921  264.35566253  935.99789633  238.38577364  121.81302058
  411.35545235  737.93082547 1093.51168034  343.59960417  505.34218517
  363.53688866  239.25117418  333.19487284  157.72410864  900.86023094
 1181.36958742  818.57333064  156.72002366  112.88856502  274.63204909
  447.27367647  658.48567148  878.1845958   917.01718885  374.30419191
  147.38087552 1167.12980853  144.16118897  325.72201933 1056.56672698
  274.55409568  883.01618963  118.80805439  511.58629482  336.33092553
  217.75091848  179.7380038   500.60027456  245.04742434  271.05581735
 1061.83747274  197.23647366  153.19229978  620.78859154  207.20073173
  525.64188817  282.65763285 1046.94544591  126.20349294  453.15685647
  474.99307549  318.3153853   256.40677094  243.42733663  125.23370887
  589.22129407  207.55565979  636.96701596  624.65265946  453.19488937
  178.09363362  205.96079134  986.70038585  572.08225514  722.78868716
  224.89518715  214.50387267  909.21622442  744.31841855  657.66161908
  497.27802405  469.87693733  563.47224789  385.70738138  175.41295731
  141.73911305  108.93574477  183.75010102  228.10040198  578.63168433
  158.38031686  580.39172618  334.79035208]
