samples: 53 r2 stat 0.9999796942664914
Partial Molar Volumes:

[1.89811083 0.29931312 0.24521449]
Matrix of selected instances
[[7.67647059e+00 3.80975976e+01 1.87459846e+03]
 [6.11983307e+00 2.89774775e+01 1.36370077e+03]
 [6.19972178e+00 3.04089089e+01 1.43645946e+03]
 [7.59996025e+00 3.91466466e+01 1.87535328e+03]
 [1.78656598e+01 8.72142142e+01 4.19178571e+03]
 [3.75934022e+00 1.71716717e+01 8.10343629e+02]
 [1.43304849e+01 7.37382382e+01 3.70611197e+03]
 [2.11466614e+00 8.91591592e+00 5.15185328e+02]
 [1.36462639e+01 6.44269269e+01 3.59545753e+03]
 [1.49960254e+00 8.24474474e+00 4.04924710e+02]
 [1.12287361e+01 5.92882883e+01 2.96442085e+03]
 [2.88612878e+00 1.49239239e+01 7.19032819e+02]
 [2.66395072e+00 1.56931932e+01 6.57940154e+02]
 [1.15508744e+01 6.07477477e+01 2.99617181e+03]
 [5.56319555e+00 3.49254254e+01 1.74092664e+03]
 [1.44904610e+01 7.36986987e+01 3.40928378e+03]
 [3.04511129e+00 1.69179179e+01 8.16447876e+02]
 [4.74920509e+00 2.34459459e+01 9.89119691e+02]
 [1.17235692e+01 5.53863864e+01 2.29775676e+03]
 [2.88553259e+00 1.33548549e+01 5.41623552e+02]
 [1.11526232e+01 5.20170170e+01 2.00393436e+03]
 [2.15957870e+00 1.04729730e+01 4.62478764e+02]
 [3.38871224e+00 1.70975976e+01 7.77046332e+02]
 [8.55007949e+00 4.45325325e+01 1.71398069e+03]
 [1.78736089e+01 8.96816817e+01 4.13882432e+03]
 [1.50729332e+01 7.84989990e+01 3.53682432e+03]
 [3.99841017e+00 2.12782783e+01 1.03832432e+03]
 [4.83922893e+00 2.91256256e+01 1.40854826e+03]
 [1.12235692e+01 5.30425425e+01 2.73528185e+03]
 [1.61464626e+01 7.40120120e+01 3.49438417e+03]
 [9.70131161e+00 4.86596597e+01 2.28717375e+03]
 [4.33247218e+00 2.18388388e+01 9.70420849e+02]
 [1.69976153e+01 7.40620621e+01 3.45302510e+03]
 [4.00039746e+00 1.98243243e+01 8.69401544e+02]
 [2.35254372e+00 1.07922923e+01 4.42492278e+02]
 [1.03199523e+01 4.75190190e+01 1.46124517e+03]
 [1.58903021e+01 7.18713714e+01 2.66387452e+03]
 [2.08837440e+01 9.55105105e+01 4.00553861e+03]
 [8.06538156e+00 3.92392392e+01 1.23100386e+03]
 [1.15198728e+01 5.50120120e+01 1.81063707e+03]
 [8.45846582e+00 3.93798799e+01 1.30223359e+03]
 [5.71661367e+00 3.09984985e+01 8.47681467e+02]
 [1.03606916e+01 4.43863864e+01 1.17447876e+03]
 [3.96422893e+00 1.81561562e+01 5.65202703e+02]
 [2.02955087e+01 9.07557558e+01 3.25416988e+03]
 [2.19274642e+01 1.02012012e+02 4.31342278e+03]
 [1.93783784e+01 8.35440440e+01 2.95439768e+03]
 [4.21085056e+00 1.72197197e+01 5.62484556e+02]
 [2.72376789e+00 1.25515516e+01 4.03702703e+02]
 [8.09280604e+00 3.44719720e+01 9.73289575e+02]
 [1.30405405e+01 5.55580581e+01 1.58017181e+03]
 [1.66818362e+01 7.22762763e+01 2.38011197e+03]
 [1.83328696e+01 7.89394394e+01 3.20814672e+03]]
N . X_bar
[ 485.65259867  354.68864392  373.11021183  486.00646205 1087.90193835
  210.98334721  958.06401063  133.01342652  926.84421408  104.60757666
  765.97808167  186.26238121  171.09010882  774.81216787  447.91363041
  885.56925765  211.04855951  258.57867306  602.27374676  142.28828464
  528.13202448  120.64031024  202.09270325  449.85106413 1075.66867208
  919.3864353   268.57045854  363.29951231  707.91063955  909.67415838
  593.82677247  252.72141272  901.16287713  226.71673056  116.20117971
  392.12996268  704.89421826 1050.44329929  328.91378574  482.32624893
  347.16856035  227.99279856  320.95037477  151.55481162  863.65710749
 1129.86803891  786.24924647  151.07611012  107.92060795  264.34365882
  428.86266562  636.93514394  845.10947542]
X
[ 483.83017047  354.76424869  372.67033602  484.33993043 1086.21038428
  209.98164417  955.65927708  133.17652148  928.07509381  105.117219
  767.38091197  185.74520125  171.04627811  776.01919986  446.06266917
  887.00641125  211.80746859  258.54990028  603.13289537  142.85654323
  526.66437422  120.65159568  202.12356568  451.74209647 1075.55072946
  918.35529457  268.58490831  363.37495827  705.92661798  908.58729408
  594.36966598  252.45838115  905.3616126   227.83429544  116.72494232
  392.14212236  707.08155543 1048.83709526  327.81317125  481.77221958
  348.68210428  229.89066376  321.14724908  151.29280193  864.10348033
 1134.1068726   784.69542737  150.789284    108.01867282  263.22370803
  428.67532834  635.28562528  842.93929169]
