samples: 95 r2 stat 0.9999836658617156
Partial Molar Volumes:

[0.98289161 0.48943158 0.24509883]
Matrix of selected instances
[[7.24618029e+00 5.85752766e+01 1.79423933e+03]
 [5.26088617e+00 4.15204425e+01 1.32265863e+03]
 [5.88693659e+00 4.23742184e+01 1.38439518e+03]
 [8.43945760e+00 5.33140933e+01 1.81438776e+03]
 [1.78655462e+01 1.19483405e+02 4.05655288e+03]
 [3.08919022e+00 2.27974988e+01 7.87649351e+02]
 [1.41470588e+01 1.16505532e+02 3.55312987e+03]
 [1.91806723e+00 1.67763348e+01 4.92552876e+02]
 [1.26346448e+01 1.04727754e+02 3.45655659e+03]
 [1.35370512e+00 1.10331890e+01 3.92901670e+02]
 [8.78896104e+00 7.84256854e+01 2.88523562e+03]
 [2.34434683e+00 1.94117364e+01 6.98163265e+02]
 [2.34377387e+00 1.79927850e+01 6.43098330e+02]
 [1.13584798e+01 9.75925926e+01 2.87584972e+03]
 [5.42608862e+00 4.88884079e+01 1.68572356e+03]
 [1.13489305e+01 1.04969216e+02 3.30266605e+03]
 [2.64247517e+00 2.26253006e+01 7.91803340e+02]
 [3.61707410e+00 2.66734007e+01 9.75007421e+02]
 [6.63464477e+00 5.56151996e+01 2.28046011e+03]
 [1.67799847e+00 1.54766715e+01 5.36389610e+02]
 [7.01852559e+00 6.14959115e+01 1.97140445e+03]
 [1.70359053e+00 1.38374218e+01 4.50829314e+02]
 [2.67016807e+00 2.37027417e+01 7.54204082e+02]
 [6.81512605e+00 5.65454545e+01 1.66824490e+03]
 [1.39558824e+01 1.16435305e+02 4.02344527e+03]
 [1.29463331e+01 1.05426166e+02 3.42727087e+03]
 [5.75553858e+00 4.26402116e+01 9.66634508e+02]
 [6.89094729e+00 5.53949014e+01 1.32012245e+03]
 [1.20559587e+01 8.95146705e+01 2.59901484e+03]
 [1.46122995e+01 1.10343434e+02 3.37249165e+03]
 [9.33823529e+00 8.18556999e+01 2.18197032e+03]
 [3.46925134e+00 3.50731121e+01 9.33701299e+02]
 [1.05393430e+01 9.64733045e+01 3.38752319e+03]
 [2.23873186e+00 2.64074074e+01 8.51354360e+02]
 [1.34893048e+00 1.44083694e+01 4.33589981e+02]
 [5.94174943e+00 5.58148148e+01 1.44051763e+03]
 [8.49045073e+00 8.68417508e+01 2.62706679e+03]
 [1.36669213e+01 1.29265512e+02 3.89700928e+03]
 [3.42704354e+00 4.16026936e+01 1.21910575e+03]
 [6.71562261e+00 7.65521886e+01 1.76499443e+03]
 [3.39533995e+00 4.76772487e+01 1.28772356e+03]
 [2.34549274e+00 2.68047138e+01 8.55256030e+02]
 [2.80290298e+00 3.44290524e+01 1.20452505e+03]
 [1.40737204e+00 1.59841270e+01 5.69933210e+02]
 [9.63712758e+00 8.90254930e+01 3.25090724e+03]
 [1.61310160e+01 1.25108225e+02 4.21362894e+03]
 [9.68869366e+00 9.63102453e+01 2.91738033e+03]
 [1.63865546e+00 1.80894661e+01 5.60246753e+02]
 [1.64113827e+00 1.49297739e+01 3.97053803e+02]
 [3.38407181e+00 3.05454545e+01 9.78413729e+02]
 [5.75343774e+00 5.23602694e+01 1.59146568e+03]
 [9.10561497e+00 7.64665705e+01 2.35906679e+03]
 [1.12775019e+01 9.42087542e+01 3.15738219e+03]
 [1.28752865e+01 1.06135161e+02 3.28151206e+03]
 [5.07085561e+00 5.16801347e+01 1.31828757e+03]
 [2.34281895e+00 2.04223184e+01 5.15543599e+02]
 [1.42055004e+01 1.20467051e+02 4.20781633e+03]
 [1.63999236e+00 1.56459836e+01 5.17758813e+02]
 [2.73109244e+00 2.66507937e+01 1.18561039e+03]
 [1.28265852e+01 1.08061568e+02 3.78973284e+03]
 [2.57181054e+00 2.70500241e+01 9.96556586e+02]
 [9.17016807e+00 8.49701780e+01 3.18944527e+03]
 [1.11611917e+00 1.11822992e+01 4.32345083e+02]
 [4.88044309e+00 4.07955748e+01 1.86530798e+03]
 [3.05099312e+00 2.53097643e+01 1.23482004e+03]
 [2.09568373e+00 1.80639731e+01 7.91558442e+02]
 [1.80252101e+00 1.56421356e+01 6.50636364e+02]
 [4.84893048e+00 4.32655123e+01 1.81891466e+03]
 [2.74923606e+00 2.30235690e+01 8.83012987e+02]
 [2.86669213e+00 2.57210197e+01 9.81907236e+02]
 [1.41228037e+01 1.16856181e+02 3.78791466e+03]
 [2.52024446e+00 2.28253968e+01 7.03176252e+02]
 [1.90660810e+00 1.63867244e+01 5.50871985e+02]
 [8.00534759e+00 6.64963925e+01 2.21246011e+03]
 [3.53495034e+00 2.68970659e+01 7.30625232e+02]
 [8.65565317e+00 6.90096200e+01 1.85692950e+03]
 [4.34530176e+00 3.43222703e+01 9.98881262e+02]
 [1.65867074e+01 1.26822030e+02 3.70804824e+03]
 [2.10198625e+00 1.65266955e+01 4.41554731e+02]
 [6.23414820e+00 4.71130351e+01 1.61965677e+03]
 [6.57811306e+00 4.49754690e+01 1.71324304e+03]
 [4.21715050e+00 3.29211159e+01 1.13928942e+03]
 [4.21390374e+00 2.96676287e+01 9.08439703e+02]
 [4.22822765e+00 2.70567581e+01 8.65740260e+02]
 [2.53705118e+00 1.53530544e+01 4.38476809e+02]
 [9.13120703e+00 5.66960077e+01 2.11675139e+03]
 [2.94289534e+00 1.99860510e+01 7.47486085e+02]
 [8.61611917e+00 5.39663300e+01 2.30510575e+03]
 [6.12089381e+00 4.54348244e+01 2.28580334e+03]
 [4.90737204e+00 3.32953343e+01 1.65668275e+03]
 [1.89877769e+00 1.46960077e+01 6.47554731e+02]
 [2.30137510e+00 1.89393939e+01 7.46302412e+02]
 [1.34472880e+01 9.81620972e+01 3.54313173e+03]
 [6.49159664e+00 5.31120731e+01 2.07495733e+03]
 [6.65240642e+00 5.74242424e+01 2.63503340e+03]]
N . X_bar
[ 475.55676754  349.67438347  365.83914424  479.09299556 1070.29522588
  207.24609218  941.79449871  130.82025556  910.87354403  103.03027754
  754.19048885  182.92395768  168.73256353  763.79646373  442.42966663
  872.0096141   207.7408783   255.58317815  592.6790852   140.69253028
  520.18542303  118.94465499  199.07989685  443.25854008 1056.84597787
  904.34383067  263.44752725  357.44554085  692.67651376  894.96163812
  584.03961693  249.42488595  887.85409676  223.79101052  114.65016218
  386.22681841  694.7392943  1031.85215451  322.53148214  476.66586483
  342.29154541  225.0466939   314.83329932  148.89639564  849.83771132
 1109.84249584  771.70672836  147.78000244  106.23758797  258.0841497
  421.34815629  624.57950575  831.06399339  868.89568898  353.38873708
  138.65719951 1104.25372032  136.17165431  306.31983157  994.35498554
  260.02180398  832.32968516  112.53727023  481.94839898  318.03914438
  204.91095964  168.89765181  471.75534203  230.39611604  256.07064518
  999.48775477  185.99627645  144.91225056  582.6852162   195.71413865
  497.41431058  265.89399579  987.21194004  118.3792609   426.16208486
  448.39185852  299.49614484  241.31959668  229.59024923  117.47807041
  555.5371006   195.88231934  599.86026854  588.50114562  427.17021166
  167.77389223  194.44939048  929.67831025  540.94488281  680.487444  ]
X
[ 474.77477049  349.8777755   366.32479375  475.90562262 1068.06256972
  208.72445364  943.71871476  129.93498424  909.80173053  103.39743983
  753.15461896  183.10115316  168.07487442  760.64174391  440.81469797
  872.30903855  208.70413205  254.49755076  594.74841267  139.91891282
  518.88672837  118.71182992  198.86113394  444.1961167  1060.98412354
  905.72467807  265.06382319  357.26869859  692.22591177  894.48763477
  584.11863212  249.66474336  885.73866203  223.67789147  114.16297123
  386.8632684   693.84106554 1033.61409664  323.0901745   475.85059048
  342.52023904  225.7352929   313.56599943  148.85199268  848.05015737
 1107.28535578  772.4427955   148.5462947   105.89013546  258.83269416
  421.57842539  625.11466769  830.41408022  867.04079964  352.79197342
  138.46311615 1102.50221858  135.97400794  307.89874704  997.36150292
  259.40262384  831.3143027   112.38033941  481.74842719  317.45898275
  205.30691396  168.58903718  471.00939204  231.27317551  255.14006745
 1001.17312795  185.6872748   144.76841265  582.70220844  195.57156978
  496.82339895  265.74362327  989.63282588  118.46942788  428.49678057
  449.16183497  299.86427965  240.93684605  229.92725427  117.69797027
  556.45835621  194.85874876  601.13325732  588.572661    426.49588222
  168.19524445  194.06628525  930.29499472  541.11624874  681.30643343]
