samples: 103 r2 stat 0.9999721930548922
Partial Molar Volumes:

[1.09889706 0.40238059 0.24538107]
Matrix of selected instances
[[7.43641259e+00 1.93427230e+01 1.95342254e+03]
 [4.26988401e+00 1.61278039e+01 1.42916901e+03]
 [4.94200497e+00 1.66118936e+01 1.49911469e+03]
 [7.32290804e+00 2.06291080e+01 1.95650101e+03]
 [1.64966860e+01 4.48189880e+01 4.37552314e+03]
 [3.47493786e+00 1.13302034e+01 8.39418511e+02]
 [1.52212096e+01 3.88909755e+01 3.85857948e+03]
 [2.22100249e+00 5.92957746e+00 5.32768612e+02]
 [1.28361640e+01 3.31502347e+01 3.73345070e+03]
 [1.76014913e+00 4.44131455e+00 4.22016097e+02]
 [1.36269677e+01 3.37845592e+01 3.05838431e+03]
 [2.89809445e+00 7.59937402e+00 7.46875252e+02]
 [2.20940348e+00 5.85237350e+00 6.92028169e+02]
 [9.18806959e+00 2.43302034e+01 3.13930584e+03]
 [4.71996686e+00 1.13046427e+01 1.82383300e+03]
 [1.06586578e+01 2.89921753e+01 3.58119517e+03]
 [2.77982601e+00 7.18831508e+00 8.53788732e+02]
 [3.40223695e+00 9.20970266e+00 1.04141247e+03]
 [9.11847556e+00 2.39066249e+01 2.42798592e+03]
 [2.31524441e+00 6.15336463e+00 5.73794769e+02]
 [7.03541839e+00 1.83719353e+01 2.12824748e+03]
 [2.01822701e+00 5.45592071e+00 4.83177062e+02]
 [2.62116819e+00 6.77621283e+00 8.17983903e+02]
 [5.67564209e+00 1.53098592e+01 1.82677867e+03]
 [1.71099834e+01 4.64001043e+01 4.32133199e+03]
 [1.51182684e+01 3.77475222e+01 3.68837022e+03]
 [3.98902237e+00 9.96609285e+00 1.08117706e+03]
 [4.51739851e+00 1.15096505e+01 1.47413481e+03]
 [8.79701740e+00 2.18878456e+01 2.85743863e+03]
 [1.50441176e+01 3.58419405e+01 3.66011469e+03]
 [7.49958575e+00 1.70307773e+01 2.40978270e+03]
 [3.78769677e+00 7.92540428e+00 1.02299598e+03]
 [1.36516156e+01 2.86338028e+01 3.64142656e+03]
 [2.80260978e+00 5.85237350e+00 9.28464789e+02]
 [1.58057167e+00 3.68648931e+00 4.72378270e+02]
 [5.51594863e+00 1.19191445e+01 1.59364588e+03]
 [1.21375311e+01 2.97423057e+01 2.83145070e+03]
 [1.92775476e+01 4.50886802e+01 4.19714085e+03]
 [6.75269263e+00 1.51690141e+01 1.31202414e+03]
 [8.59465617e+00 2.34924361e+01 1.92360765e+03]
 [5.92543496e+00 1.54726135e+01 1.39730584e+03]
 [3.33802817e+00 9.27803860e+00 9.25334004e+02]
 [4.20360398e+00 1.30996348e+01 1.28843260e+03]
 [1.77899751e+00 5.59885237e+00 6.11344064e+02]
 [1.00314830e+01 2.72342201e+01 3.50007847e+03]
 [1.62419221e+01 4.06285863e+01 4.55649095e+03]
 [9.64105220e+00 2.78257694e+01 3.16183501e+03]
 [2.07539354e+00 5.50339071e+00 6.08249497e+02]
 [1.63898094e+00 4.21961398e+00 4.33424547e+02]
 [4.13794532e+00 1.10521648e+01 1.05991952e+03]
 [7.27734051e+00 1.95696401e+01 1.71736217e+03]
 [1.04761806e+01 2.46520605e+01 2.54707445e+03]
 [1.30296189e+01 3.22284820e+01 3.39885513e+03]
 [1.38249793e+01 3.09932186e+01 3.55069618e+03]
 [5.50289975e+00 9.97130934e+00 1.44811268e+03]
 [1.99233637e+00 4.36932707e+00 5.68778672e+02]
 [1.50219553e+01 3.48341158e+01 4.53675252e+03]
 [1.97452361e+00 4.03599374e+00 5.60410463e+02]
 [2.16445733e+00 5.92436098e+00 1.28158149e+03]
 [1.22352941e+01 2.93103808e+01 4.10750905e+03]
 [1.88566694e+00 6.69170579e+00 1.07651911e+03]
 [6.65534383e+00 1.74037559e+01 3.45960563e+03]
 [8.39270920e-01 2.63119457e+00 4.69690141e+02]
 [2.70795360e+00 7.87949922e+00 2.00991147e+03]
 [1.89623032e+00 5.83933229e+00 1.32426761e+03]
 [9.50289975e-01 3.06624935e+00 8.59092555e+02]
 [8.93330572e-01 2.84715702e+00 7.05507042e+02]
 [2.23425849e+00 7.50026082e+00 1.97688129e+03]
 [1.39913007e+00 4.24934794e+00 9.64468813e+02]
 [1.62261806e+00 4.43192488e+00 1.06891952e+03]
 [1.16205468e+01 2.98967136e+01 4.13530181e+03]
 [1.06068766e+00 3.60824204e+00 7.76692153e+02]
 [1.22638774e+00 3.38914971e+00 6.01269618e+02]
 [6.91031483e+00 1.55487741e+01 2.41105634e+03]
 [1.67170671e+00 4.13771518e+00 8.10384306e+02]
 [3.89581607e+00 1.11387585e+01 2.06914085e+03]
 [1.73011599e+00 5.04277517e+00 1.10726358e+03]
 [1.08620547e+01 2.57715180e+01 4.07661368e+03]
 [8.47348799e-01 2.00365154e+00 4.93303823e+02]
 [3.36640431e+00 1.20391236e+01 1.76785111e+03]
 [3.97328086e+00 1.31841419e+01 1.86047686e+03]
 [2.19076222e+00 6.29107981e+00 1.24800805e+03]
 [2.49233637e+00 6.90610329e+00 9.98977867e+02]
 [2.45111848e+00 7.08555034e+00 9.46768612e+02]
 [1.49834300e+00 4.29160146e+00 4.81482897e+02]
 [9.62033969e+00 2.69327074e+01 2.25953119e+03]
 [3.29391052e+00 9.32081377e+00 7.96680080e+02]
 [9.45132560e+00 2.71997913e+01 2.44792958e+03]
 [9.54556752e+00 2.89154930e+01 2.40014085e+03]
 [7.95443248e+00 2.25190402e+01 1.72738431e+03]
 [2.94946147e+00 8.23526343e+00 6.82241449e+02]
 [4.08699254e+00 1.15482525e+01 7.84841046e+02]
 [1.64792875e+01 4.46974439e+01 3.77706640e+03]
 [9.36868268e+00 2.70286907e+01 2.19454326e+03]
 [1.30720795e+01 3.60146062e+01 2.75799396e+03]
 [3.72514499e+00 9.84663537e+00 8.57164990e+02]
 [3.79908865e+00 9.54512259e+00 8.26710262e+02]
 [2.06207539e+01 4.69144497e+01 3.41670624e+03]
 [1.94846727e+01 4.58002087e+01 2.78955533e+03]
 [1.68444490e+01 4.25576421e+01 2.47119316e+03]
 [1.27127175e+01 3.30276474e+01 1.87865795e+03]
 [1.31783347e+01 3.27183099e+01 1.75680684e+03]
 [1.69154930e+01 4.33093375e+01 2.09742254e+03]]
N . X_bar
[ 495.28789647  361.87269746  379.96942172  496.43618145 1109.8329921
  214.35506381  979.19786972  135.55793099  943.56275563  107.27608203
  779.03849337  189.51159506  174.59339979  790.21296333  457.26961567
  902.13615267  215.45077223  262.98741924  615.42160523  145.81858298
  537.3553519   122.97568399  206.32477448  460.65423838 1097.84567185
  936.85851562  273.6940697   371.32018989  719.63560443  929.07688956
  606.40917894  258.37516296  920.06054543  233.26234275  119.13294167
  401.90801926  720.09002193 1069.22575391  335.47011702  490.91444154
  355.60972072  234.46089829  326.04733339  154.22006419  880.83508255
 1152.27297028  797.64552552  153.74801273  109.85314048  269.07853581
  437.27965583  646.43560311  861.30102797  898.93691928  365.39881695
  143.51502307 1143.75733264  141.3079217   319.23819835 1033.14421625
  268.92217663  863.23819714  117.23408243  499.34054291  329.38359549
  213.08311895  175.24539068  490.56242146  239.90974256  265.85902365
 1039.52441747  193.20302322  150.25158298  605.47782916  202.35493645
  516.49111176  275.63185458 1022.63005833  122.78479859  442.34083435
  466.19706891  311.17637852  250.64795914  237.86370804  121.5201695
  575.85513788  202.86039225  622.00627647  611.07375347  441.6697332
  173.96400012  201.72311099  962.91501173  559.67040748  705.61595302
  218.38770663  210.87462644  879.93257589  724.34483158  642.01870162
  488.24674597  458.73398527  550.68300428]
X
[ 493.24750318  361.18736123  379.89533033  495.79699459 1108.24009124
  214.21841812  974.76026312  136.1160941   942.44735554  106.77249953
  781.7512293   190.19128092  174.92935249  793.60301633  457.17665377
  908.51003437  215.23621391  264.57302271  614.00354569  145.64150126
  537.88632764  123.17314557  206.05146313  460.8014986  1097.98962595
  935.89087835  274.35610486  369.82694048  721.68196242  923.96553943
  608.96329582  258.63075344  920.30753874  232.74932319  118.71443515
  400.95145756  720.92622462 1067.79144622  335.59302018  494.24600318
  355.28170032  233.89858279  326.34218596  154.98025362  880.59241058
 1152.96977893  797.57130316  153.88348921  109.95249836  268.89442378
  438.19765879  644.31215388  859.695199    901.58685022  364.43559456
  143.74987733 1144.47272138  140.57361458  319.29572102 1029.52068206
  267.79312645  865.64017747  116.68694922  500.94352621  330.20472684
  213.05332603  175.0602235   491.69208718  239.98880524  265.43050422
 1034.68981666  192.53409543  149.72853162  605.98034705  201.96058374
  515.92184455  276.02246039 1022.99693993  122.65842662  442.90344864
  465.79205021  311.35983755  250.02266104  238.11631491  121.91063384
  579.8851585   203.09880805  621.8659828   610.35000156  440.72961078
  174.8083602   202.2046011   963.00216332  560.35158961  704.07752218
  218.52448006  210.5211956   883.74691161  725.76022965  643.52957465
  488.13929451  457.38886949  549.54067012]
