samples: 59 r2 stat 0.9999716873312697
Partial Molar Volumes:

[0.94355025 0.19269666]
Matrix of selected instances
[[7.96615633e+00 2.58851781e+03]
 [6.58803384e+00 1.88983288e+03]
 [5.49133763e+00 1.98869315e+03]
 [4.81849315e+00 2.61282192e+03]
 [1.20169218e+01 5.82526027e+03]
 [1.57634972e+00 1.13167397e+03]
 [1.29363417e+01 5.11181096e+03]
 [1.58944400e+00 7.10663014e+02]
 [1.70249799e+01 4.90967123e+03]
 [1.79673650e+00 5.59758904e+02]
 [1.41305399e+01 4.06428493e+03]
 [1.32534247e+00 1.00394247e+03]
 [1.10717164e+00 9.21112329e+02]
 [3.79512490e+00 4.17239178e+03]
 [2.41941982e+00 2.40586301e+03]
 [7.15249799e+00 4.75131233e+03]
 [1.66176471e+00 1.13267671e+03]
 [2.85898469e+00 1.38709041e+03]
 [7.67264303e+00 3.21570411e+03]
 [1.89121676e+00 7.60616438e+02]
 [1.17647059e+01 2.79785479e+03]
 [2.36059629e+00 6.40265753e+02]
 [4.04512490e+00 1.07135068e+03]
 [1.13869863e+01 2.38559726e+03]
 [1.70656728e+01 5.72922466e+03]
 [1.89242546e+01 4.87800548e+03]
 [6.35918614e+00 1.41749589e+03]
 [8.08722804e+00 1.93000274e+03]
 [1.87860596e+01 3.72821370e+03]
 [2.13184932e+01 4.81061918e+03]
 [1.77155520e+01 3.12266027e+03]
 [6.16619662e+00 1.33311233e+03]
 [2.05922643e+01 4.77348767e+03]
 [6.12651088e+00 1.20455342e+03]
 [3.07091056e+00 6.14843836e+02]
 [5.71253022e+00 2.10303288e+03]
 [1.57540290e+01 3.73367671e+03]
 [1.86597502e+01 5.57369041e+03]
 [6.17123288e+00 1.74506575e+03]
 [9.73146656e+00 2.55945479e+03]
 [6.05821918e+00 1.84962192e+03]
 [4.03384367e+00 1.21752877e+03]
 [4.52377115e+00 1.70592603e+03]
 [1.95326350e+00 8.07619178e+02]
 [1.26823127e+01 4.60486849e+03]
 [1.34963739e+01 6.04143014e+03]
 [7.44762288e+00 4.20692329e+03]
 [2.17304593e+00 8.03830137e+02]
 [1.61563255e+00 5.73860274e+02]
 [2.32876712e+00 1.40863836e+03]
 [2.50785657e+00 2.30333973e+03]
 [4.22542305e+00 3.42670137e+03]
 [6.48408541e+00 4.54131507e+03]
 [7.46192587e+00 4.72864658e+03]
 [3.20890411e+00 1.92003014e+03]
 [9.79250604e-01 7.57263014e+02]
 [8.44560838e+00 6.02304110e+03]
 [7.45165189e-01 7.44419178e+02]
 [1.00423046e+00 1.68785205e+03]]
N . X_bar
[ 506.31521173  370.38062935  388.39588623  508.02855418 1133.84678368
  219.55716294  997.23500047  138.44211132  962.14118544  109.55898391
  796.50701693  194.7068899   178.53994379  807.58686266  465.88461781
  922.31077041  219.83098088  269.98528876  626.89497435  148.3527073
  550.23787274  125.60441514  210.26248016  470.44082432 1120.10479115
  957.83136161  279.14693911  379.53579295  736.13992873  947.10533057
  618.44172695  262.70441308  939.26497971  237.89409582  121.37591361
  410.63747617  734.33176    1091.63795298  342.09121517  502.38052489
  362.13220501  238.41986435  332.99465767  157.4685226   899.30919
 1176.89793221  817.68728416  156.94576279  112.10539014  273.63721897
  446.21216694  664.30081698  881.21431834  918.23511612  373.01116193
  146.84602767 1168.58877432  144.15019206  326.19099998]
X
[ 504.92310821  370.17788793  387.54808218  506.10548275 1136.45255782
  219.92019934  992.24609207  138.20385898  960.31308526  109.78793447
  797.20329362  193.55318323  179.4875845   807.10378782  467.46275293
  921.18689961  219.56037827  268.93790617  628.93564994  148.75175325
  551.49421176  126.0048836   210.75819912  469.11220662 1119.67062725
  959.66568797  278.90129763  377.69244217  736.45919205  950.0289088
  616.39669768  264.47982054  940.55774437  237.92289737  121.09394509
  410.5627014   734.12730348 1092.59815922  340.90663516  499.87090499
  362.79551258  239.33866864  333.51843809  157.84915556  895.29509287
 1178.18761965  820.33960701  156.8200183   112.60038312  273.51438066
  447.35431837  661.40020417  876.39518932  923.74563808  373.93832888
  146.20695474 1169.60878623  143.85583901  326.50614578]
