samples: 53 r2 stat 0.9999714256651042
Partial Molar Volumes:

[0.719112   0.19220039 0.57241491]
Matrix of selected instances
[[7.54216867e+00 2.42644578e+03 3.47585899e+01]
 [4.34000709e+00 1.78761687e+03 2.81932173e+01]
 [4.11817860e+00 1.88414940e+03 2.64863900e+01]
 [5.53561304e+00 2.45130843e+03 3.39785810e+01]
 [1.53456768e+01 5.46029880e+03 8.27197680e+01]
 [1.77498228e+00 1.06842410e+03 1.22623829e+01]
 [7.95641389e+00 4.86049639e+03 5.46331995e+01]
 [1.84018427e+00 6.66332530e+02 9.41053101e+00]
 [1.34936215e+01 4.62847711e+03 7.18652387e+01]
 [1.43391212e+00 5.27677108e+02 7.66979027e+00]
 [1.04856485e+01 3.84290361e+03 5.53730477e+01]
 [2.22058824e+00 9.45284337e+02 1.08049978e+01]
 [2.53773919e+00 8.58946988e+02 1.23605533e+01]
 [1.25914245e+01 3.87523855e+03 5.66729139e+01]
 [8.73919206e+00 2.20659759e+03 4.06184739e+01]
 [1.35983345e+01 4.42277831e+03 6.75720660e+01]
 [4.77090716e+00 1.03603614e+03 2.11914324e+01]
 [5.44064493e+00 1.26928193e+03 2.58612227e+01]
 [1.15409284e+01 2.97340964e+03 5.50959393e+01]
 [3.03384125e+00 7.02631325e+02 1.28826417e+01]
 [1.08664068e+01 2.60469880e+03 4.87309237e+01]
 [2.37845500e+00 5.95450602e+02 1.15560018e+01]
 [4.83912119e+00 9.85004819e+02 2.21633199e+01]
 [1.02992558e+01 2.20157831e+03 4.74796966e+01]
 [1.84941531e+01 5.37131566e+03 8.69330656e+01]
 [1.54652729e+01 4.59014940e+03 7.16461401e+01]
 [4.66761162e+00 1.33593735e+03 2.14819277e+01]
 [5.41867470e+00 1.80950120e+03 2.74596162e+01]
 [1.29893692e+01 3.48933494e+03 6.48924587e+01]
 [1.59192062e+01 4.51057349e+03 8.00080321e+01]
 [1.11743444e+01 2.94025783e+03 5.29540384e+01]
 [3.07813607e+00 1.27620241e+03 1.57108434e+01]
 [1.20402197e+01 4.51782410e+03 6.53324409e+01]
 [3.90520907e+00 1.12376145e+03 2.05836680e+01]
 [1.92204111e+00 5.79342169e+02 1.00468541e+01]
 [7.90361446e+00 1.92841446e+03 4.12262383e+01]
 [1.30838058e+01 3.46217590e+03 7.27327086e+01]
 [1.94936215e+01 5.17101928e+03 1.00267291e+02]
 [8.53915663e+00 1.57697349e+03 4.47862561e+01]
 [1.27709072e+01 2.30716145e+03 6.57175368e+01]
 [1.07067682e+01 1.63730602e+03 5.57416332e+01]
 [6.14316088e+00 1.09335663e+03 3.30963855e+01]
 [1.04408221e+01 1.49765301e+03 5.45684962e+01]
 [4.16619419e+00 7.22327711e+02 2.23324409e+01]
 [1.87989015e+01 4.21210120e+03 9.54230254e+01]
 [2.12223600e+01 5.59302410e+03 1.04240518e+02]
 [1.82763997e+01 3.80437590e+03 9.18594378e+01]
 [4.33469171e+00 7.11865060e+02 2.29937528e+01]
 [2.54801559e+00 5.20373494e+02 1.45662651e+01]
 [8.66708009e+00 1.23421687e+03 4.40874610e+01]
 [1.22515946e+01 2.03950602e+03 6.52182062e+01]
 [1.47927002e+01 3.06118554e+03 7.93980366e+01]
 [1.86102055e+01 4.11726747e+03 9.26207050e+01]]
N . X_bar
[ 491.68383687  362.83983701  380.25689448  494.57302114 1107.85687367
  213.64711508  971.18373532  134.77940228  940.43528744  106.84119435
  777.84430609  189.4658164   173.99023402  786.31744587  453.64400629
  898.51772206  214.68766462  262.67227031  611.32746409  144.60190604
  536.33260796  122.7710442   205.48480021  457.72862603 1095.43014194
  934.36110909  272.42079739  367.40177393  717.13777569  924.17948965
  603.46600267  256.49325269  914.38310519  230.57807486  118.48292552
  399.9241179   716.47358467 1065.28453705  334.8718592   490.23875169
  354.29757208  233.50606075  326.59344186  154.61105371  877.70759333
 1149.91152049  796.92704142  153.09984153  110.18624697  268.68589077
  438.13600577  644.4472985   857.74072851]
X
[ 490.65145576  360.20961216  379.25773574  491.95728144 1102.85565834
  212.93178334  972.93156055  134.67013977  942.76347888  106.93645733
  777.10007148  188.09774156  173.81836378  787.67621589  456.18083281
  899.35385738  214.73824693  264.14760008  611.97836611  145.22115448
  535.04477228  122.75979948  205.67121371  458.56182353 1089.66288133
  935.34448283  271.31503586  368.64598426  720.03536506  924.59069432
  603.75214749  255.61579257  916.47534202  231.32696741  118.13749035
  399.9713154   719.05127245 1069.42703883  335.37336224  490.94948935
  354.19689224  233.48590828  324.69729452  154.47270874  876.89825453
 1149.55042144  797.04018591  152.72250821  109.75504968  268.23448848
  437.28523477  642.77105764  857.30246448]
