-0.53050397  0.19658638
1.24837459 0.19176058
0.72775501 0.19314296
1.72039373 0.19088855
1.2113854 0.1925218
1.1071591  0.19207575
-0.06234336  0.19492723
1.35280688 0.19160636
1.43004156 0.19096654
1.45696878 0.19109521
0.76888663 0.19318977
0.42364343 0.1933282 
1.75800127 0.19145425
1.71403515 0.19177096
0.08552764 0.19350398
0.90060327 0.19267984
1.42793263 0.19160631
0.08447667 0.19471864
0.63515214 0.19349143
1.35028809 0.1912563 
1.03603129 0.19198819
-0.05615988  0.1967327 
0.43915157 0.19467847
1.28934893 0.19111241
-0.33063119  0.19718963
1.22348481 0.1917511 
0.93845343 0.19256696
1.82178236 0.18960575
0.88346641 0.19312778
0.97177758 0.19294467
0.55899688 0.19460001
2.14471477 0.18769169
1.17845896 0.19209942
0.61993579 0.1942744 
0.93510319 0.19336439
0.46398009 0.19478602
0.68170439 0.19365804
0.71143579 0.1933011 
0.0340769  0.19596932
0.656324   0.19394513
1.07209013 0.19268237
-1.2771871   0.19912462
0.24674573 0.1949322 
3.11891606 0.18825153
1.54584361 0.19134627
0.89918507 0.19261265
2.45497074 0.18997217
-1.01847617  0.19752987
-2.38399613  0.20063979
1.99541484 0.19058114
1.07208305 0.19234602
0.68618584 0.19300083
1.64044897 0.1915073 
0.88593718 0.19330553
0.6755467  0.19303944
2.27597835 0.1908963 
0.60115176 0.19284707
1.38326867 0.1916937 
0.70799149 0.19290917
3.32780926 0.19131791
1.87430438 0.19188362
2.0371266  0.19177077
0.73621616 0.19256173
1.20820853 0.19237017
1.6168687  0.19205998
0.38539548 0.19273324
0.94724687 0.19232253
1.2784871  0.19200439
1.933435   0.19171619
0.4864092  0.19308003
-0.02965379  0.19293256
1.88923336 0.19161123
1.96932151 0.19215903
1.68635769 0.1919759 
0.97735416 0.1923186 
0.91088103 0.192364  
0.67411512 0.19289629
1.62617919 0.19209394
0.95348567 0.19216584
0.44508494 0.19321778
-1.86158925  0.19627849
1.2447168  0.19202658
-0.61080356  0.19361488
1.87290344 0.1917306 
1.35209095 0.19196769
0.46576688 0.19350576
2.01374713 0.19003348
1.65661532 0.19038112
1.47961491 0.19086521
2.34013417 0.18906181
0.87597605 0.1930908 
1.69327813 0.19031329
3.66877991 0.18576258
0.99198096 0.19272317
0.64129336 0.19363905
1.29293566 0.19152282
0.76613147 0.19395474
0.31125648 0.19519682
0.97864411 0.19304822
1.44038205 0.19008652
