1.23047645 0.19508953 0.39124442
-4.50441605  0.18061366  1.86697233
-0.04379214  0.21455743 -0.22728339
 2.4186468   0.20898817 -0.42934835
1.70611009 0.1916818  0.47457409
0.4456083  0.18408615 1.00208585
-1.12760503  0.20250251  0.43169466
3.70989185 0.18955097 0.25239791
0.14154232 0.198427   0.36651367
2.65418143 0.19443604 0.26024591
-0.25194461  0.19303519  0.67378642
1.67646969 0.19326542 0.42274028
1.6648748  0.19714548 0.23169726
-2.57734032  0.18764464  1.26268666
-0.48893538  0.1930332   0.73229208
1.35199299 0.19144961 0.53920205
-2.05316432  0.18796728  1.17385639
 3.71115548  0.20125403 -0.23415719
 3.19968107  0.20161986 -0.16954349
 2.10465524  0.20416632 -0.2650635 
0.4890756  0.19530906 0.47909683
 4.09752207  0.19984945 -0.25980947
0.63429222 0.19372364 0.5473785 
-0.92004407  0.19990112  0.48762762
1.68728943 0.19000671 0.58520685
-4.10559661  0.18795547  1.49028233
 2.05910315  0.2099192  -0.38418995
1.10829948 0.19923243 0.21874063
1.0873725  0.19519009 0.40413302
 4.3969673   0.19954836 -0.26467472
1.83521763 0.19366709 0.38795135
-4.75093253  0.20753391  0.54067623
2.72987046 0.19479854 0.18846766
 3.22560529  0.21042649 -0.60736906
-1.81452809  0.19026626  1.02587247
-0.21255111  0.19315876  0.66972443
2.70540202 0.19440147 0.25640912
 3.88362848  0.20166794 -0.29150567
-1.45355766  0.19558195  0.71323148
-0.34244825  0.19573053  0.56193611
-3.5879344   0.19180128  1.12417416
2.65720075 0.19362616 0.31730909
-2.78784882  0.19531112  0.88718376
-0.58074753  0.18935256  0.90297486
1.25801514 0.19865349 0.24802747
-0.8108345   0.1896877   0.86234734
1.16478253 0.1960458  0.38509189
-1.00567796  0.19723865  0.57201615
3.0589098  0.19498416 0.21392677
-0.8348253   0.19703311  0.53826562
2.07597882 0.19714638 0.19872848
1.86037329 0.19351088 0.40319609
4.88687672 0.18740094 0.25740417
 3.79705176  0.19723691 -0.04642274
0.80990998 0.19617306 0.40398704
1.97424397 0.19411577 0.37954985
-2.11250484  0.2104124   0.28607326
2.49519363 0.19491456 0.26313293
-0.92975979  0.20287607  0.37710569
-0.95757808  0.19608829  0.64654777
-1.56608959  0.19640002  0.6794794 
1.21021441 0.19370317 0.45896238
-1.24889786  0.19662625  0.58547528
-0.42233482  0.19369405  0.66624681
-1.59638101  0.20258528  0.34965187
2.39191912 0.18910513 0.52766231
-1.90343789  0.19494442  0.81755573
 1.0635577   0.20730712 -0.07436088
-1.79299366  0.19232861  0.91701051
0.84383067 0.19872793 0.31267329
1.74660483 0.19955165 0.16430151
-5.227       0.20000167  0.96970796
2.7103791  0.17825804 0.87157533
4.15595508 0.18784149 0.35368166
-0.26966115  0.20161081  0.28607699
0.52010655 0.19282422 0.57481831
-2.98393059  0.19511588  0.94360061
2.31757673 0.19381522 0.33305806
 4.00998868  0.20418972 -0.34942515
-2.13315351  0.19902849  0.67096367
0.70470189 0.19684164 0.39537791
3.26333617 0.1901738  0.36960872
1.10736453 0.19317883 0.50048329
1.10749519 0.1969579  0.36277197
0.13193321 0.1918522  0.65863377
1.00743589 0.18981691 0.60529273
0.67529971 0.18847826 0.67070214
0.33133961 0.19319399 0.58125462
0.40150504 0.193743   0.55741011
1.64399634 0.1858949  0.6277408 
2.09371511 0.19015251 0.48197174
-1.81172919  0.20239781  0.56838655
2.85994906 0.18382185 0.55049919
-1.03236937  0.20134872  0.5059439 
-0.56521234  0.20092624  0.45591818
0.14414776 0.20005436 0.37508356
1.50278939 0.18594949 0.68987354
-0.11245518  0.19014596  0.75858793
0.87872305 0.2004916  0.28070638
 4.75034567  0.21016849 -0.52570135
