samples: 53 r2 stat 0.9999799015115494
Partial Molar Volumes:

[1.990607   0.24550677 0.26714007]
Matrix of selected instances
[[7.65259740e+00 1.87433210e+03 3.80764791e+01]
 [6.12948816e+00 1.36291466e+03 2.91327561e+01]
 [6.13273491e+00 1.43650464e+03 3.04396344e+01]
 [7.40183346e+00 1.87713544e+03 3.86753247e+01]
 [1.77710084e+01 4.19135065e+03 8.71414141e+01]
 [3.71352177e+00 8.10552876e+02 1.70567581e+01]
 [1.44241788e+01 3.70471985e+03 7.44199134e+01]
 [2.13273491e+00 5.14556586e+02 9.39490139e+00]
 [1.36869748e+01 3.59490909e+03 6.43679654e+01]
 [1.52272727e+00 4.04393321e+02 8.59355459e+00]
 [1.12832315e+01 2.96512245e+03 5.91996152e+01]
 [2.94977082e+00 7.18448980e+02 1.53352573e+01]
 [2.65966387e+00 6.59259740e+02 1.51226551e+01]
 [1.16653934e+01 2.99593135e+03 6.06479076e+01]
 [5.78571429e+00 1.74030427e+03 3.49071669e+01]
 [1.45206264e+01 3.40860668e+03 7.37979798e+01]
 [3.15011459e+00 8.18205937e+02 1.61875902e+01]
 [4.72918258e+00 9.90231911e+02 2.27599808e+01]
 [1.12918258e+01 2.30215955e+03 5.39836460e+01]
 [3.01737968e+00 5.41085343e+02 1.32866763e+01]
 [1.10882353e+01 2.00479035e+03 5.14680135e+01]
 [2.32467532e+00 4.60298701e+02 1.10533911e+01]
 [3.64171123e+00 7.74931354e+02 1.76099086e+01]
 [8.48414820e+00 1.71479221e+03 4.43468013e+01]
 [1.78340336e+01 4.13915399e+03 8.93843194e+01]
 [1.49665775e+01 3.53783302e+03 7.81087061e+01]
 [4.30404889e+00 1.03581633e+03 2.21409331e+01]
 [4.87299465e+00 1.40892208e+03 2.88239538e+01]
 [1.14446142e+01 2.73304824e+03 5.38051948e+01]
 [1.62929717e+01 3.49333581e+03 7.40360750e+01]
 [1.00870894e+01 2.28396660e+03 4.96180856e+01]
 [4.60084034e+00 9.68274583e+02 2.22554113e+01]
 [1.69444232e+01 3.45414471e+03 7.33044733e+01]
 [4.23319328e+00 8.68116883e+02 1.99100529e+01]
 [2.48854087e+00 4.40860853e+02 1.14848485e+01]
 [1.03502674e+01 1.46241187e+03 4.65935546e+01]
 [1.56480138e+01 2.66718738e+03 7.07542088e+01]
 [2.08353705e+01 4.00620779e+03 9.53217893e+01]
 [8.15145149e+00 1.23230427e+03 3.85974026e+01]
 [1.13842628e+01 1.81274954e+03 5.42549303e+01]
 [8.47345302e+00 1.30375139e+03 3.86628187e+01]
 [5.81054240e+00 8.48695733e+02 3.04983165e+01]
 [1.03710848e+01 1.17478108e+03 4.46233766e+01]
 [4.29029794e+00 5.62948052e+02 1.85108225e+01]
 [2.00599694e+01 3.25497403e+03 9.04531025e+01]
 [2.18114973e+01 4.31402226e+03 1.01856181e+02]
 [1.91779985e+01 2.95579592e+03 8.28311688e+01]
 [4.48453018e+00 5.59968460e+02 1.78658009e+01]
 [3.20760122e+00 3.99411874e+02 1.36483886e+01]
 [8.63177998e+00 9.68165121e+02 3.57676768e+01]
 [1.35649351e+01 1.57683673e+03 5.63318903e+01]
 [1.69457601e+01 2.37799258e+03 7.23554594e+01]
 [1.85498472e+01 3.20548052e+03 7.94867725e+01]]
N . X_bar
[ 485.56628504  354.58870291  373.01112409  485.91532707 1087.65901457
  210.94492392  958.12721441  133.08231683  927.01516781  104.60813214
  766.23270225  186.35258412  171.18694169  774.94412829  448.09866479
  885.45527206  211.47009041  258.60268423  602.09453743  142.39593533
  528.0110903   120.58676575  202.20442141  449.72850757 1075.56900937
  919.22049569  268.78232031  363.30015801  708.13709607  909.84849429
  594.06367218  252.82174176  901.32815901  226.87396854  116.25609399
  392.08233483  704.86288805 1050.4904365   329.07628879  482.19754146
  347.27549521  228.07437637  320.98215271  151.69283711  863.21332134
 1129.74965559  785.97128919  151.17565607  108.08942376  264.42855235
  429.17505245  636.87466691  845.12672441]
X
[ 483.83017047  354.76424869  372.67033602  484.33993043 1086.21038428
  209.98164417  955.65927708  133.17652148  928.07509381  105.117219
  767.38091197  185.74520125  171.04627811  776.01919986  446.06266917
  887.00641125  211.80746859  258.54990028  603.13289537  142.85654323
  526.66437422  120.65159568  202.12356568  451.74209647 1075.55072946
  918.35529457  268.58490831  363.37495827  705.92661798  908.58729408
  594.36966598  252.45838115  905.3616126   227.83429544  116.72494232
  392.14212236  707.08155543 1048.83709526  327.81317125  481.77221958
  348.68210428  229.89066376  321.14724908  151.29280193  864.10348033
 1134.1068726   784.69542737  150.789284    108.01867282  263.22370803
  428.67532834  635.28562528  842.93929169]
