samples: 102 r2 stat 0.9999790263207625
Partial Molar Volumes:

[1.43350338 0.24434394 0.42904505]
Matrix of selected instances
[[7.33281734e+00 1.87491353e+03 3.79064327e+01]
 [6.01219040e+00 1.36391729e+03 2.92538986e+01]
 [5.92724458e+00 1.43860338e+03 3.00000000e+01]
 [7.52476780e+00 1.87649248e+03 3.88045809e+01]
 [1.77966331e+01 4.19190789e+03 8.69429825e+01]
 [3.57062693e+00 8.11892857e+02 1.64980507e+01]
 [1.41733746e+01 3.70700752e+03 7.37105263e+01]
 [2.01857585e+00 5.15757519e+02 9.05458090e+00]
 [1.36478328e+01 3.59487218e+03 6.49785575e+01]
 [1.61377709e+00 4.04907895e+02 8.02387914e+00]
 [1.13070820e+01 2.96312030e+03 6.00940546e+01]
 [2.71400929e+00 7.21471805e+02 1.44537037e+01]
 [2.60893963e+00 6.58473684e+02 1.55711501e+01]
 [1.16439628e+01 2.99556767e+03 6.09269006e+01]
 [5.62441950e+00 1.73928759e+03 3.55058480e+01]
 [1.47155573e+01 3.40631203e+03 7.44834308e+01]
 [3.13506192e+00 8.15998120e+02 1.75584795e+01]
 [4.70317337e+00 9.87531955e+02 2.39941520e+01]
 [1.17234907e+01 2.29743233e+03 5.52655945e+01]
 [3.07043344e+00 5.39518797e+02 1.40360624e+01]
 [1.12532895e+01 2.00258459e+03 5.27782651e+01]
 [2.47194272e+00 4.57571429e+02 1.21135478e+01]
 [3.62403251e+00 7.74533835e+02 1.77071150e+01]
 [8.70781734e+00 1.71281015e+03 4.52041910e+01]
 [1.79200851e+01 4.13722368e+03 8.98625731e+01]
 [1.51733746e+01 3.53631579e+03 7.90423977e+01]
 [4.39009288e+00 1.03345489e+03 2.30511696e+01]
 [5.21400929e+00 1.40388158e+03 3.05740741e+01]
 [1.12886997e+01 2.73347744e+03 5.35433723e+01]
 [1.61366099e+01 3.49353947e+03 7.42919103e+01]
 [1.00003870e+01 2.28406579e+03 4.99683236e+01]
 [4.96362229e+00 9.62825188e+02 2.45077973e+01]
 [1.69821981e+01 3.45127632e+03 7.46812865e+01]
 [4.39860681e+00 8.65990602e+02 2.06047758e+01]
 [2.82043344e+00 4.37909774e+02 1.24819688e+01]
 [1.03345588e+01 1.46107143e+03 4.75599415e+01]
 [1.56099071e+01 2.66601128e+03 7.12246589e+01]
 [2.08674536e+01 4.00487594e+03 9.54283626e+01]
 [8.12190402e+00 1.23319549e+03 3.80521442e+01]
 [1.10075464e+01 1.81585338e+03 5.29800195e+01]
 [8.22252322e+00 1.30594925e+03 3.79561404e+01]
 [5.79411765e+00 8.48808271e+02 3.01598441e+01]
 [1.02950851e+01 1.17544361e+03 4.39415205e+01]
 [3.95278638e+00 5.65308271e+02 1.80268031e+01]
 [2.01466718e+01 3.25482143e+03 9.05813840e+01]
 [2.17972136e+01 4.31465226e+03 1.01601852e+02]
 [1.92178793e+01 2.95578383e+03 8.28562378e+01]
 [4.21845975e+00 5.63531955e+02 1.68479532e+01]
 [2.70472136e+00 4.04520677e+02 1.18650097e+01]
 [8.40267028e+00 9.70347744e+02 3.50297271e+01]
 [1.34841331e+01 1.57794173e+03 5.58703704e+01]
 [1.67025929e+01 2.38038346e+03 7.18567251e+01]
 [1.84835526e+01 3.20634211e+03 7.90068226e+01]
 [1.95056115e+01 3.35175188e+03 8.18830409e+01]
 [1.02399381e+01 1.33245113e+03 4.43567251e+01]
 [3.47368421e+00 5.30011278e+02 1.51437622e+01]
 [1.95075464e+01 4.31546053e+03 8.54293372e+01]
 [3.14376935e+00 5.21437970e+02 1.39152047e+01]
 [7.72291022e+00 1.17470301e+03 3.44288499e+01]
 [2.23699690e+01 3.83299248e+03 1.00838694e+02]
 [8.77534830e+00 9.73152256e+02 3.28308967e+01]
 [2.00775929e+01 3.19645113e+03 8.61291423e+01]
 [2.48742260e+00 4.38625940e+02 8.86695906e+00]
 [1.42747678e+01 1.84241729e+03 4.90989279e+01]
 [7.87054954e+00 1.22649060e+03 2.98849903e+01]
 [5.25406347e+00 7.87432331e+02 2.01993177e+01]
 [3.51083591e+00 6.55765038e+02 1.40180312e+01]
 [1.09951625e+01 1.82951128e+03 4.42967836e+01]
 [5.12790248e+00 8.95187970e+02 2.09824561e+01]
 [5.77244582e+00 9.80548872e+02 2.62719298e+01]
 [1.92500000e+01 3.88934398e+03 9.87392788e+01]
 [2.56172601e+00 7.38156015e+02 1.16730019e+01]
 [1.61996904e+00 5.78432331e+02 7.68859649e+00]
 [5.92163313e+00 2.32889286e+03 3.09376218e+01]
 [1.83939628e+00 7.87795113e+02 7.47417154e+00]
 [6.11455108e+00 1.99239474e+03 2.53503899e+01]
 [3.85274768e+00 1.05746429e+03 1.58523392e+01]
 [1.60193498e+01 3.86878759e+03 8.09005848e+01]
 [2.12751548e+00 4.64813910e+02 9.07115010e+00]
 [8.06346749e+00 1.67946617e+03 3.26827485e+01]
 [7.85855263e+00 1.76707331e+03 3.11135478e+01]
 [4.66950464e+00 1.18780827e+03 1.76413255e+01]
 [2.91679567e+00 9.65513158e+02 1.15272904e+01]
 [1.96671827e+00 9.25921053e+02 8.83625731e+00]
 [1.10642415e+00 4.73941729e+02 4.77826511e+00]
 [4.63777090e+00 2.25131391e+03 1.97846004e+01]
 [1.23916409e+00 7.97795113e+02 6.20370370e+00]
 [5.02844427e+00 2.41826692e+03 2.53650097e+01]
 [3.70472136e+00 2.38907707e+03 1.92807018e+01]
 [2.25832043e+00 1.73865414e+03 1.07485380e+01]
 [8.64744582e-01 6.86321429e+02 4.31725146e+00]
 [1.05166409e+00 7.92706767e+02 4.97563353e+00]
 [8.57817337e+00 3.74221992e+03 4.07236842e+01]
 [4.45317337e+00 2.18445301e+03 2.17933723e+01]
 [6.60023220e+00 2.73443421e+03 3.17134503e+01]
 [1.87035604e+00 8.49259398e+02 9.12719298e+00]
 [1.36726006e+00 8.19351504e+02 7.52777778e+00]
 [1.08051471e+01 3.39738722e+03 4.91564327e+01]
 [6.63835139e+00 2.79904699e+03 3.48416179e+01]
 [6.08726780e+00 2.48975188e+03 3.01954191e+01]
 [4.00116099e+00 1.90076128e+03 2.08893762e+01]
 [4.18014706e+00 1.77690789e+03 2.03294347e+01]]
N . X_bar
[ 484.89894155  354.43465785  372.88209221  485.94525543 1087.08127165
  210.5780105   957.72753123  132.80068148  925.82816714  104.69274996
  766.01227926  186.3790932   171.31470155  774.78084526  448.28061225
  885.363243    211.41169449  258.33403361  601.88075578  142.25172715
  528.09528545  120.54560062  202.04485996  450.39209677 1075.14912112
  919.74115837  268.70163982  363.6219082   707.0635503   908.63165289
  593.87187952  252.89081624  899.68412001  226.74534844  116.39902647
  392.22392874  704.35913579 1049.42378917  329.29270277  482.20293628
  347.17269078  228.64697432  320.82345129  151.5302922   863.03970119
 1129.09727319  785.32581492  150.97132417  107.81002597  264.17317616
  428.86095203  636.4052633   843.84397713  882.07312602  359.2863747
  140.98193704 1119.07378618  137.88706055  312.8739041  1011.900245
  264.44927938  846.76803487  114.54564294  491.7120763   323.7900097
  208.60245147  171.27937356  481.7969083   235.08703808  259.13783464
 1020.29616344  189.04443396  146.95741878  590.81316583  198.33649705
  506.47126441  270.70928205 1002.9885826   120.51619371  435.94875554
  456.38802582  304.4964242   245.04425026  232.85364574  119.44094213
  565.23165083  199.3744136   608.97988472  597.33951841  432.6785147
  170.79039003  197.33542782  944.15788784  549.49182718  691.21037643
  214.10852423  205.3933005   866.71050979  708.39488684  630.03709227
  479.13765662  448.8911702 ]
X
[ 483.83017047  354.76424869  372.67033602  484.33993043 1086.21038428
  209.98164417  955.65927708  133.17652148  928.07509381  105.117219
  767.38091197  185.74520125  171.04627811  776.01919986  446.06266917
  887.00641125  211.80746859  258.54990028  603.13289537  142.85654323
  526.66437422  120.65159568  202.12356568  451.74209647 1075.55072946
  918.35529457  268.58490831  363.37495827  705.92661798  908.58729408
  594.36966598  252.45838115  905.3616126   227.83429544  116.72494232
  392.14212236  707.08155543 1048.83709526  327.81317125  481.77221958
  348.68210428  229.89066376  321.14724908  151.29280193  864.10348033
 1134.1068726   784.69542737  150.789284    108.01867282  263.22370803
  428.67532834  635.28562528  842.93929169  880.79259737  359.14608764
  140.87316449 1114.55900294  137.63989188  311.58540603 1013.2308174
  263.11495578  848.39971932  114.63875096  490.82967127  323.14623095
  208.88659627  171.7490276   481.19113173  234.53766394  260.03091647
 1016.81597373  189.18160308  147.02511732  592.62093797  198.2254145
  505.85813086  270.27548659 1000.85548088  120.66857432  433.87284166
  456.56364195  304.55029036  244.88123103  232.76489611  119.18668336
  566.14541794  198.63811603  608.71564501  596.89824585  432.72057601
  170.84571346  197.26200772  944.30844003  548.42330962  694.00338922
  214.89383534  206.04925004  865.06893672  709.5535263   630.48437479
  477.14056546  448.72068536]
