samples: 101 r2 stat 0.9999647251925508
Partial Molar Volumes:

[1.03170766 0.19241854]
Matrix of selected instances
[[7.65701357e+00 2.58908000e+03]
 [6.55769231e+00 1.89041538e+03]
 [5.56380090e+00 1.98837231e+03]
 [5.06221719e+00 2.60904000e+03]
 [1.21814480e+01 5.82513846e+03]
 [1.69864253e+00 1.13153231e+03]
 [1.25479638e+01 5.11437231e+03]
 [1.61923077e+00 7.09812308e+02]
 [1.64726244e+01 4.91229846e+03]
 [1.59321267e+00 5.61452308e+02]
 [1.46282805e+01 4.06120615e+03]
 [1.40588235e+00 1.00293846e+03]
 [9.66289593e-01 9.21569231e+02]
 [3.73257919e+00 4.17137538e+03]
 [2.32556561e+00 2.40618462e+03]
 [7.45904977e+00 4.74926154e+03]
 [1.68800905e+00 1.13304308e+03]
 [3.19524887e+00 1.38516923e+03]
 [7.19524887e+00 3.21908000e+03]
 [1.96040724e+00 7.60326154e+02]
 [1.11251131e+01 2.80197846e+03]
 [2.17488688e+00 6.41689231e+02]
 [3.64298643e+00 1.07514154e+03]
 [1.12606335e+01 2.38599385e+03]
 [1.72667421e+01 5.72773538e+03]
 [1.91778281e+01 4.87611692e+03]
 [6.68642534e+00 1.41634769e+03]
 [8.05090498e+00 1.93003077e+03]
 [1.86239819e+01 3.72923385e+03]
 [2.13208145e+01 4.81118462e+03]
 [1.78226244e+01 3.12164923e+03]
 [6.68371041e+00 1.33093846e+03]
 [2.06244344e+01 4.77397846e+03]
 [6.15746606e+00 1.20432923e+03]
 [2.62579186e+00 6.16332308e+02]
 [6.00226244e+00 2.10140308e+03]
 [1.61957014e+01 3.73185231e+03]
 [1.90710407e+01 5.57247692e+03]
 [6.67081448e+00 1.74150462e+03]
 [1.05266968e+01 2.55637846e+03]
 [6.46380090e+00 1.84773231e+03]
 [3.13778281e+00 1.22187692e+03]
 [3.60475113e+00 1.70999692e+03]
 [1.85837104e+00 8.08418462e+02]
 [1.34812217e+01 4.59989231e+03]
 [1.37427602e+01 6.03958154e+03]
 [7.61380090e+00 4.20432308e+03]
 [1.67104072e+00 8.06473846e+02]
 [1.13484163e+00 5.76766154e+02]
 [2.00859729e+00 1.41016615e+03]
 [2.24592760e+00 2.30542769e+03]
 [4.31085973e+00 3.42634769e+03]
 [6.42782805e+00 4.54156923e+03]
 [7.11402715e+00 4.72912615e+03]
 [2.96425339e+00 1.92227077e+03]
 [7.61085973e-01 7.57535385e+02]
 [8.60067873e+00 6.02264615e+03]
 [5.91628959e-01 7.45350769e+02]
 [9.05882353e-01 1.68822769e+03]
 [5.25610860e+00 5.44820923e+03]
 [3.34162896e-01 1.42683077e+03]
 [2.18529412e+00 4.56623077e+03]
 [4.85746606e-01 6.16424615e+02]
 [1.66877828e+00 2.64487692e+03]
 [1.22533937e+00 1.74340308e+03]
 [8.04524887e-01 1.12713231e+03]
 [8.97737557e-01 9.24058462e+02]
 [2.10339367e+00 2.59883692e+03]
 [1.22239819e+00 1.26307077e+03]
 [1.09751131e+00 1.40334769e+03]
 [4.48755656e+00 5.47181538e+03]
 [4.08144796e-01 1.02152000e+03]
 [1.74208145e-01 7.99092308e+02]
 [1.50090498e+00 3.20200615e+03]
 [3.46832579e-01 1.07604615e+03]
 [1.90407240e+00 2.72986154e+03]
 [7.83710407e-01 1.45948308e+03]
 [6.67488688e+00 5.39635692e+03]
 [2.90723982e-01 6.51452308e+02]
 [2.31923077e+00 2.34039077e+03]
 [3.28574661e+00 2.44805538e+03]
 [9.19230769e-01 1.64605231e+03]
 [6.41628959e-01 1.32375077e+03]
 [4.02262443e-01 1.25943692e+03]
 [7.02488688e-01 6.44206154e+02]
 [6.00294118e+00 3.03448923e+03]
 [1.79841629e+00 1.06611692e+03]
 [8.71244344e+00 3.25461846e+03]
 [8.85248869e+00 3.18494769e+03]
 [5.74773756e+00 2.31826462e+03]
 [2.87828054e+00 9.11415385e+02]
 [3.92760181e+00 1.04852000e+03]
 [1.16128959e+01 5.05552923e+03]
 [8.12466063e+00 2.92140308e+03]
 [1.23262443e+01 3.68088923e+03]
 [3.57194570e+00 1.14527077e+03]
 [5.27352941e+00 1.08857231e+03]
 [1.71920814e+01 4.59540308e+03]
 [2.03031674e+01 3.74392923e+03]
 [1.81954751e+01 3.31705231e+03]
 [1.48124434e+01 2.51207385e+03]]
N . X_bar
[ 506.08680164  370.51659592  388.339919    507.25040447 1133.43235047
  219.48030086  997.04589971  138.25162305  962.21224702  109.67756489
  796.54348124  194.43441738  178.32393731  806.50090562  465.39384247
  921.54154578  219.76003023  269.82880834  626.83407774  148.32341812
  550.63047834  125.71675449  210.63566567  470.72714201 1119.93672918
  958.04122738  279.42999599  379.67988947  736.78824906  947.75798283
  619.0509358   262.99287521  939.88036823  238.08798113  121.3028144
  410.54149909  734.78681399 1091.9236309   341.98011163  502.75509344
  362.20671196  238.34905219  332.75416634  157.47199838  899.01325689
 1176.30599272  816.84493875  156.9045482   112.15132795  273.41440234
  445.92417896  663.74037881  880.51377514  917.31116192  372.93878418
  146.54907344 1167.74218588  144.0296974   325.78091909 1053.75925131
  274.89345658  880.8820577   119.11267504  510.6450561   336.72727247
  217.71119125  178.73218581  502.23450238  244.29939508  271.16242953
 1057.50859202  196.98047647  153.93990969  617.67385494  207.40906328
  527.24042674  281.64016767 1045.24567021  125.65144624  452.72735073
  474.44118098  317.67936468  255.37616823  242.75403537  124.68197267
  590.08527784  206.99610519  635.237638    621.97617583  452.00708514
  178.34276473  205.80682789  984.75868388  570.51439906  720.98842453
  224.05653684  214.9022384   901.97796804  741.34834212  657.03478412
  498.65170147]
X
[ 504.92310821  370.17788793  387.54808218  506.10548275 1136.45255782
  219.92019934  992.24609207  138.20385898  960.31308526  109.78793447
  797.20329362  193.55318323  179.4875845   807.10378782  467.46275293
  921.18689961  219.56037827  268.93790617  628.93564994  148.75175325
  551.49421176  126.0048836   210.75819912  469.11220662 1119.67062725
  959.66568797  278.90129763  377.69244217  736.45919205  950.0289088
  616.39669768  264.47982054  940.55774437  237.92289737  121.09394509
  410.5627014   734.12730348 1092.59815922  340.90663516  499.87090499
  362.79551258  239.33866864  333.51843809  157.84915556  895.29509287
 1178.18761965  820.33960701  156.8200183   112.60038312  273.51438066
  447.35431837  661.40020417  876.39518932  923.74563808  373.93832888
  146.20695474 1169.60878623  143.85583901  326.50614578 1048.2108464
  274.43413311  874.75064769  119.14416584  510.26626426  336.09147958
  217.30657937  178.73871839  501.281514    244.74761663  271.96524794
 1062.04245581  195.77339842  152.78495782  617.38066986  206.84982798
  527.64923633  281.62476008 1042.78470983  125.4332889   453.59093679
  474.81806348  316.89061725  255.84476611  242.04221672  124.27745316
  590.53551509  207.20474016  635.7064934   623.94210482  452.64414679
  177.86385058  207.9866328   990.50489057  570.66165879  719.22990043
  224.3010382   214.90935849  899.65415508  742.78666288  656.04959499
  499.15104953]
