samples: 101 r2 stat 0.9999681238600242
Partial Molar Volumes:

[0.77458936 0.19250227 0.54825305]
Matrix of selected instances
[[7.43249468e+00 2.42685060e+03 3.45774208e+01]
 [4.38571935e+00 1.78620000e+03 2.82382865e+01]
 [4.28012048e+00 1.88377108e+03 2.68781794e+01]
 [5.73458540e+00 2.44996386e+03 3.41334226e+01]
 [1.54128278e+01 5.45998795e+03 8.25528782e+01]
 [1.93338058e+00 1.06554940e+03 1.32904953e+01]
 [7.91034727e+00 4.86081446e+03 5.44417671e+01]
 [1.86304040e+00 6.66113253e+02 9.41945560e+00]
 [1.36213678e+01 4.62807470e+03 7.22481035e+01]
 [1.54482636e+00 5.26583133e+02 7.98527443e+00]
 [1.06447555e+01 3.84481928e+03 5.46033021e+01]
 [2.08965273e+00 9.46975904e+02 1.02686301e+01]
 [2.46350106e+00 8.60409639e+02 1.16983490e+01]
 [1.27802977e+01 3.87299277e+03 5.74832664e+01]
 [8.88235294e+00 2.20480964e+03 4.12289157e+01]
 [1.36700921e+01 4.42130602e+03 6.77286925e+01]
 [4.79553508e+00 1.03591566e+03 2.11374386e+01]
 [5.35666194e+00 1.26872048e+03 2.61503793e+01]
 [1.14760808e+01 2.97555422e+03 5.44944221e+01]
 [2.94720057e+00 7.02493976e+02 1.31298527e+01]
 [1.09468462e+01 2.60423373e+03 4.85693887e+01]
 [2.24539334e+00 5.97467470e+02 1.10767515e+01]
 [4.70180723e+00 9.85183133e+02 2.20615797e+01]
 [1.03038625e+01 2.20297349e+03 4.73190540e+01]
 [1.85545712e+01 5.37066747e+03 8.73574297e+01]
 [1.55274628e+01 4.58820241e+03 7.20660419e+01]
 [4.32990787e+00 1.34126024e+03 2.01825078e+01]
 [5.10630758e+00 1.81669157e+03 2.59290495e+01]
 [1.27356485e+01 3.49439036e+03 6.36336457e+01]
 [1.55212615e+01 4.51562651e+03 7.83498438e+01]
 [1.05958540e+01 2.94914940e+03 5.02632753e+01]
 [2.99592488e+00 1.27842169e+03 1.48830879e+01]
 [1.17459249e+01 4.52347470e+03 6.39558233e+01]
 [3.70623671e+00 1.12830843e+03 1.91012941e+01]
 [1.88571935e+00 5.80527711e+02 9.50870147e+00]
 [7.21651311e+00 1.93870361e+03 3.84002677e+01]
 [1.26261517e+01 3.47061446e+03 7.04805890e+01]
 [1.92057052e+01 5.17604578e+03 9.90562249e+01]
 [8.26523742e+00 1.57988193e+03 4.38036591e+01]
 [1.23318568e+01 2.31396627e+03 6.42302544e+01]
 [1.04929128e+01 1.63996386e+03 5.49558233e+01]
 [6.25832743e+00 1.09371566e+03 3.30370370e+01]
 [1.02875620e+01 1.49933976e+03 5.42878179e+01]
 [4.13766832e+00 7.22397590e+02 2.20624721e+01]
 [1.87625797e+01 4.21255663e+03 9.55247657e+01]
 [2.10543940e+01 5.59223855e+03 1.04479250e+02]
 [1.81674344e+01 3.80405301e+03 9.19852744e+01]
 [4.50832743e+00 7.11783133e+02 2.30339134e+01]
 [2.71545004e+00 5.19821687e+02 1.43525212e+01]
 [8.51736357e+00 1.23684578e+03 4.34725569e+01]
 [1.19245216e+01 2.04500000e+03 6.32427488e+01]
 [1.45014174e+01 3.06886747e+03 7.81142347e+01]
 [1.84270021e+01 4.12015181e+03 9.21981258e+01]
 [1.88051028e+01 4.31294699e+03 9.27554663e+01]
 [1.02294472e+01 1.70541446e+03 5.30754128e+01]
 [3.55102764e+00 6.74672289e+02 1.87416332e+01]
 [2.21855067e+01 5.52741687e+03 1.07184293e+02]
 [3.61729270e+00 6.65763855e+02 1.84002677e+01]
 [8.67080085e+00 1.48810120e+03 4.42927265e+01]
 [2.31105599e+01 4.92145060e+03 1.15109772e+02]
 [8.83699504e+00 1.23400241e+03 4.49027220e+01]
 [2.14516300e+01 4.08402410e+03 1.05690763e+02]
 [3.09656272e+00 5.45898795e+02 1.64908523e+01]
 [1.60621899e+01 2.30266506e+03 7.92494422e+01]
 [1.09525159e+01 1.51142892e+03 5.55180723e+01]
 [6.43302622e+00 9.90002410e+02 3.12838019e+01]
 [5.44046775e+00 8.12154217e+02 2.68125837e+01]
 [1.53711906e+01 2.27896867e+03 7.45734047e+01]
 [7.69418852e+00 1.09806265e+03 3.92110665e+01]
 [8.74309001e+00 1.20644096e+03 4.73297635e+01]
 [2.11213678e+01 4.99540723e+03 1.05275324e+02]
 [6.03419561e+00 8.90465060e+02 3.04515841e+01]
 [4.45481928e+00 6.98491566e+02 2.26073182e+01]
 [1.84472006e+01 2.79717108e+03 9.18143686e+01]
 [6.51045358e+00 9.32961446e+02 3.21048639e+01]
 [1.62958894e+01 2.38061446e+03 8.04663097e+01]
 [1.02544295e+01 1.24673976e+03 4.97545739e+01]
 [2.07680723e+01 4.91970843e+03 1.04223115e+02]
 [3.15095677e+00 5.78677108e+02 1.56367693e+01]
 [1.33664068e+01 2.06171325e+03 6.53476127e+01]
 [1.48047484e+01 2.14999036e+03 7.11276216e+01]
 [1.09169029e+01 1.41973012e+03 5.14154395e+01]
 [8.84638554e+00 1.14125542e+03 4.36666667e+01]
 [8.28844791e+00 1.08582892e+03 4.19446676e+01]
 [3.36888731e+00 5.70130120e+02 1.68902276e+01]
 [1.86940113e+01 2.65526988e+03 9.06483713e+01]
 [7.44950390e+00 9.23616867e+02 3.61597501e+01]
 [1.97138554e+01 2.86793012e+03 9.76880857e+01]
 [1.85152374e+01 2.82866024e+03 9.17224453e+01]
 [1.39144224e+01 2.04137349e+03 6.56059795e+01]
 [5.23990078e+00 8.13840964e+02 2.43596609e+01]
 [7.46491850e+00 9.20657831e+02 3.48308791e+01]
 [2.25783133e+01 4.59563614e+03 1.11768407e+02]
 [1.77457477e+01 2.59352048e+03 8.68647925e+01]
 [2.01943657e+01 3.28869639e+03 1.00279786e+02]
 [6.37650602e+00 1.02215422e+03 3.29004909e+01]
 [6.57406095e+00 9.70069880e+02 3.31588577e+01]
 [2.00382707e+01 4.20635422e+03 1.00330656e+02]
 [1.88486889e+01 3.41305301e+03 9.27925033e+01]
 [1.79190291e+01 3.00134458e+03 8.69714413e+01]
 [1.49142452e+01 2.27476627e+03 6.95756359e+01]]
N . X_bar
[ 491.88856445  362.72641792  380.6815948   494.77931235 1108.25856989
  213.90481145  971.69296655  134.83565169  941.07610794  106.94300696
  778.31819065  189.54344428  173.95266818  786.97476972  453.91492135
  898.8326286   214.71935514  262.71781487  611.56693281  144.713039
  536.42853895  122.82596643  205.38729031  458.00148244 1096.13184517
  934.77722672  272.61466684  367.88822751  717.43032477  924.24651041
  603.48239165  256.57939019  914.94140414  230.54509217  118.42673649
  399.84775025  716.52245177 1065.58498967  334.54851647  490.21032311
  353.95416579  233.50304099  326.35840909  154.36398947  877.83176365
 1150.108209    796.79235931  153.14038648  110.03902837  268.52704542
  437.57678529  644.82297391  857.95985062  895.67179744  365.31853704
  142.90169484 1139.98908256  141.05097465  317.46279651 1028.400904
  269.01136507  860.74540825  116.52648338  499.15860734  329.87515616
  212.71210736  175.25574179  491.49810677  238.83697923  264.96361917
 1035.7051491   192.7857455   150.30640076  603.08830395  202.24171634
  515.01221599  275.22130598 1020.28242331  122.41026263  443.06499146
  464.34156708  309.94606328  250.48696177  238.44096957  121.62096702
  575.32391492  203.39334588  620.9109999   609.15234159  439.71567905
  174.08026498  202.10710709  963.43669396  560.62814202  703.70256791
  219.74397805  210.01229906  880.26076634  722.49422877  639.32789993
  487.59514628]
X
[ 490.65145576  360.20961216  379.25773574  491.95728144 1102.85565834
  212.93178334  972.93156055  134.67013977  942.76347888  106.93645733
  777.10007148  188.09774156  173.81836378  787.67621589  456.18083281
  899.35385738  214.73824693  264.14760008  611.97836611  145.22115448
  535.04477228  122.75979948  205.67121371  458.56182353 1089.66288133
  935.34448283  271.31503586  368.64598426  720.03536506  924.59069432
  603.75214749  255.61579257  916.47534202  231.32696741  118.13749035
  399.9713154   719.05127245 1069.42703883  335.37336224  490.94948935
  354.19689224  233.48590828  324.69729452  154.47270874  876.89825453
 1149.55042144  797.04018591  152.72250821  109.75504968  268.23448848
  437.28523477  642.77105764  857.30246448  899.67261949  363.39910415
  143.07708032 1139.00860471  140.06683582  319.09900196 1031.42819317
  268.29151426  861.71100355  116.49711877  501.19464476  328.08171287
  210.7219642   175.0122973   488.4633161   239.28806578  263.92360732
 1033.94776857  192.14789602  149.20756398  602.93263919  201.77486645
  513.71252328  275.66801218 1026.47239966  122.61069215  442.51813292
  463.00834028  310.20761131  249.3952543   238.05845227  121.42671449
  577.4026366   201.58733435  617.71042064  610.50468708  440.84026714
  173.67158036  201.74715872  961.91257788  561.53101197  703.45000857
  218.3543225   209.44094924  880.23762374  722.16518346  642.77923788
  485.86414683]
