samples: 96 r2 stat 0.9999793720826997
Partial Molar Volumes:

[1.02638952 0.19386173 0.48067931]
Matrix of selected instances
[[7.46979332e+00 2.33762973e+03 4.99154154e+01]
 [5.49423688e+00 1.71301081e+03 3.78253253e+01]
 [6.49304452e+00 1.78427027e+03 4.19724725e+01]
 [8.70190779e+00 2.33861622e+03 5.20570571e+01]
 [1.85218601e+01 5.23960541e+03 1.21929930e+02]
 [4.09837043e+00 1.00102432e+03 2.30955956e+01]
 [1.62072734e+01 4.58849189e+03 1.08513514e+02]
 [1.97376789e+00 6.46635135e+02 1.17492492e+01]
 [1.28177663e+01 4.49103243e+03 9.06746747e+01]
 [1.47356916e+00 5.07475676e+02 1.07782783e+01]
 [1.09238871e+01 3.68823514e+03 8.75475475e+01]
 [2.37976948e+00 9.08983784e+02 1.63158158e+01]
 [2.41931638e+00 8.33237838e+02 1.67317317e+01]
 [1.17982909e+01 3.72665946e+03 8.37617618e+01]
 [4.40918124e+00 2.19675405e+03 3.85980981e+01]
 [1.15202703e+01 4.29646757e+03 8.76211211e+01]
 [2.09042130e+00 1.03371622e+03 1.82652653e+01]
 [1.67170111e+00 1.28726486e+03 1.62342342e+01]
 [5.36168521e+00 2.96939189e+03 4.76861862e+01]
 [9.92647059e-01 7.06478378e+02 8.86986987e+00]
 [6.01510334e+00 2.57906486e+03 4.72647648e+01]
 [1.48847377e+00 5.82605405e+02 1.18858859e+01]
 [2.93322734e+00 9.74183784e+02 2.15350350e+01]
 [5.30604134e+00 2.20492432e+03 4.02542543e+01]
 [1.64135533e+01 5.18878108e+03 1.17826326e+02]
 [1.32772258e+01 4.45154324e+03 9.04109109e+01]
 [2.35969793e+00 1.32974324e+03 1.91136136e+01]
 [4.90182830e+00 1.76758378e+03 3.17932933e+01]
 [8.43342607e+00 3.46081351e+03 5.75620621e+01]
 [1.27130366e+01 4.39484595e+03 9.15585586e+01]
 [8.81200318e+00 2.88222703e+03 5.88568569e+01]
 [3.52146264e+00 1.21897838e+03 2.64914915e+01]
 [1.08692369e+01 4.35980000e+03 9.68858859e+01]
 [2.12778219e+00 1.11859459e+03 1.72592593e+01]
 [1.38175676e+00 5.63997297e+02 1.02457457e+01]
 [3.03398251e+00 1.92812162e+03 2.96216216e+01]
 [8.23151828e+00 3.42229730e+03 7.19384384e+01]
 [1.37615262e+01 5.07420270e+03 1.14871872e+02]
 [3.76351351e+00 1.59881351e+03 3.16766767e+01]
 [5.67448331e+00 2.35308919e+03 4.66546547e+01]
 [4.16713037e+00 1.68528919e+03 3.67087087e+01]
 [2.28418124e+00 1.11676216e+03 2.30045045e+01]
 [3.70985692e+00 1.53774865e+03 3.79699700e+01]
 [1.36466614e+00 7.43675676e+02 1.20615616e+01]
 [1.03213434e+01 4.18103514e+03 9.10695696e+01]
 [1.70961844e+01 5.43944865e+03 1.31364364e+02]
 [1.06494436e+01 3.83329730e+03 7.21966967e+01]
 [1.96701113e+00 7.32062162e+02 1.31886887e+01]
 [1.41315580e+00 5.23189189e+02 9.36636637e+00]
 [3.46303657e+00 1.28037297e+03 2.52277277e+01]
 [5.91633545e+00 2.07527027e+03 4.54309309e+01]
 [1.15592210e+01 2.99622432e+03 9.00650651e+01]
 [1.20059618e+01 4.06065946e+03 9.73863864e+01]
 [1.33306836e+01 4.24185676e+03 1.04277778e+02]
 [2.83863275e+00 1.77779189e+03 2.37192192e+01]
 [1.38910970e+00 6.84586486e+02 1.36346346e+01]
 [1.51102941e+01 5.42607568e+03 1.25250250e+02]
 [1.09996025e+00 6.67305405e+02 1.37487487e+01]
 [3.20866455e+00 1.52674324e+03 2.69989990e+01]
 [1.22988871e+01 4.89076486e+03 1.11401401e+02]
 [3.71740859e+00 1.27015405e+03 3.03048048e+01]
 [1.41363275e+01 4.03462432e+03 1.08814314e+02]
 [1.47078696e+00 5.47475676e+02 1.34419419e+01]
 [7.08545310e+00 2.34838108e+03 5.54329329e+01]
 [4.72972973e+00 1.55382162e+03 3.93748749e+01]
 [3.60651828e+00 9.93129730e+02 2.90855856e+01]
 [2.24920509e+00 8.32391892e+02 1.56336336e+01]
 [6.60313990e+00 2.33773514e+03 4.73458458e+01]
 [2.14149444e+00 1.15791081e+03 1.61311311e+01]
 [2.73569157e+00 1.28189189e+03 2.05760761e+01]
 [1.20153021e+01 4.94776216e+03 1.01397898e+02]
 [2.49264706e+00 9.12124324e+02 2.14759760e+01]
 [2.38493641e+00 7.03264865e+02 1.72737738e+01]
 [9.32352941e+00 2.83254054e+03 7.42457457e+01]
 [3.45806836e+00 9.37316216e+02 2.83968969e+01]
 [8.31120827e+00 2.39846216e+03 6.79004004e+01]
 [4.05643879e+00 1.28774595e+03 3.60700701e+01]
 [1.87935215e+01 4.72617838e+03 1.46251752e+02]
 [2.54292528e+00 5.48756757e+02 2.36076076e+01]
 [8.83744038e+00 1.98996486e+03 8.05045045e+01]
 [9.43561208e+00 2.06093243e+03 9.78598599e+01]
 [5.56657393e+00 1.39544324e+03 5.63503504e+01]
 [5.16275835e+00 1.11888108e+03 4.76506507e+01]
 [5.02146264e+00 1.05344865e+03 4.99704705e+01]
 [2.59062003e+00 5.38189189e+02 2.47407407e+01]
 [1.11426868e+01 2.61130270e+03 1.03450951e+02]
 [3.66573927e+00 9.19178378e+02 3.58688689e+01]
 [9.92229730e+00 2.85647838e+03 9.53303303e+01]
 [9.82452305e+00 2.83248378e+03 8.57897898e+01]
 [7.81259936e+00 2.02183514e+03 7.33793794e+01]
 [3.82114467e+00 7.84383784e+02 3.25665666e+01]
 [3.68084261e+00 9.12486486e+02 3.37047047e+01]
 [1.38461844e+01 4.52331351e+03 1.19385886e+02]
 [9.72197933e+00 2.59558108e+03 7.65470470e+01]
 [1.13163752e+01 3.30922432e+03 8.64589590e+01]
 [3.29511129e+00 1.02543243e+03 2.63103103e+01]]
N . X_bar
[ 484.83717777  355.9083245   372.74142038  487.32249195 1093.37882679
  209.36841065  958.3281708   133.03128423  927.38079565  105.07346573
  768.30211653  186.502418    172.05869028  774.82885268  448.94539458
  886.86259725  211.32333972  259.07067579  604.07640156  142.24152891
  528.87502024  120.18594741  202.2190371   452.24590514 1079.38947377
  920.07015155  269.39581869  362.98042071  707.24418105  909.05128779
  596.08935016  252.66156628  902.9254993   227.33278988  115.68063265
  391.14154935  706.48055122 1053.03495279  329.03791392  484.42410778
  348.63530014  229.89969821  320.16975664  151.3686781   864.91169759
 1135.19242331  788.76359644  150.27728951  107.37903023  263.89619585
  430.22566626  636.00991941  846.34089823  886.14035028  358.96069962
  140.69477772 1127.62269044  137.10270971  312.24829232 1014.30395468
  264.61666918  848.97343527  114.10544749  489.17912712  325.00778653
  210.21238322  171.19226025  482.73294893  234.42650598  261.20816412
 1020.25400368  189.70748723  147.08716552  594.37918739  198.90887287
  506.13888824  271.14628463 1005.81479996  120.34065677  433.54554505
  456.25975815  303.32296742  245.11190939  233.39712953  118.88563684
  567.39513847  199.19741374  609.76931078  600.43138216  435.2471846
  171.63805799  196.87534495  948.49530477  549.95696844  694.70600719
  214.8209989 ]
X
[ 484.40398019  356.99473546  374.82513951  486.51378383 1094.31910853
  210.12952937  960.99314261  133.58726752  926.42576214  105.14619131
  770.56798888  185.80839465  171.59195544  777.90528459  448.25934646
  885.39999273  211.42373646  259.98263441  603.46375137  142.66568279
  530.09377638  120.72497048  203.19295154  451.55017448 1078.72707677
  920.77639417  269.17199912  364.07008981  703.56903885  907.55992348
  597.05508321  254.20244056  904.68644222  227.89238286  116.78684071
  394.41418003  707.87889326 1050.32619492  328.38720022  482.26530583
  348.71890005  229.32912514  320.3151399   151.65630982  867.60770915
 1134.87749681  787.14155011  150.41538093  108.20930034  263.67706489
  429.08726233  636.03022967  846.73608114  886.93239724  360.45528972
  140.70203942 1129.30762218  138.88587911  312.01292111 1013.68481866
  264.14761132  846.88727936  114.88595442  489.70709656  323.69956817
  209.94540151  171.87201156  480.69048566  236.05782963  261.96638261
 1018.11614137  189.37703441  146.92208623  594.88347573  199.53767853
  508.14295265  271.69401764 1003.35771311  120.55117643  434.73662473
  455.81865477  304.35341852  245.12814778  234.2343011   119.8231071
  566.20811739  198.9136954   611.95496996  599.31822148  433.92401786
  170.44943516  198.92845278  944.65655018  552.06517776  695.04006868
  216.1975535 ]
