samples: 101 r2 stat 0.9999813960796593
Partial Molar Volumes:

[1.02259861 0.19281338 0.46090873]
Matrix of selected instances
[[7.35102302e+00 2.49400000e+03 1.94514224e+01]
 [4.20524297e+00 1.84577391e+03 1.02345679e+01]
 [5.15771526e+00 1.91837101e+03 1.55464305e+01]
 [5.95332481e+00 2.50836522e+03 1.83134729e+01]
 [1.55688406e+01 5.62304638e+03 3.92828771e+01]
 [3.38832055e+00 1.08582609e+03 7.70155663e+00]
 [1.93007246e+01 4.90389565e+03 4.35399893e+01]
 [2.60635124e+00 6.85144928e+02 5.00214707e+00]
 [1.44644075e+01 4.77538551e+03 3.47278583e+01]
 [1.08418585e+00 5.46333333e+02 3.07622115e+00]
 [1.21734868e+01 3.95612174e+03 2.68314546e+01]
 [3.70950554e+00 9.52472464e+02 8.07997853e+00]
 [3.08844842e+00 8.77678261e+02 8.16693505e+00]
 [1.42041773e+01 3.96467826e+03 4.07246377e+01]
 [5.17071611e+00 2.32353913e+03 1.58915727e+01]
 [1.50104433e+01 4.55293623e+03 3.20182501e+01]
 [3.22783461e+00 1.08870435e+03 8.68599034e+00]
 [3.15792839e+00 1.33408986e+03 1.07434246e+01]
 [8.45673487e+00 3.11026087e+03 2.25759528e+01]
 [2.11167945e+00 7.34110145e+02 6.02200751e+00]
 [5.29603581e+00 2.75272464e+03 1.45501879e+01]
 [1.19906223e+00 6.28492754e+02 3.68545357e+00]
 [1.58184143e+00 1.05850145e+03 4.50241546e+00]
 [4.91155158e+00 2.34507246e+03 1.46747182e+01]
 [1.40522165e+01 5.58042609e+03 3.19887279e+01]
 [1.35739557e+01 4.76517101e+03 2.69302201e+01]
 [4.71014493e+00 1.37833043e+03 9.57434246e+00]
 [6.45098039e+00 1.86681739e+03 1.47160494e+01]
 [1.17427536e+01 3.62645217e+03 2.88599034e+01]
 [1.44164535e+01 4.69471594e+03 3.42576490e+01]
 [7.74040921e+00 3.08253043e+03 1.51384863e+01]
 [2.49701620e+00 1.32072754e+03 6.54320988e+00]
 [1.11517477e+01 4.66316232e+03 3.06935051e+01]
 [2.75277067e+00 1.17835942e+03 6.25925926e+00]
 [1.49296675e+00 6.05573913e+02 2.98872786e+00]
 [3.69053708e+00 2.05903768e+03 9.68545357e+00]
 [6.60613811e+00 3.68290435e+03 1.54750403e+01]
 [1.31619778e+01 5.44193913e+03 3.19350510e+01]
 [3.46675192e+00 1.71499130e+03 6.02254428e+00]
 [3.89173061e+00 2.53426957e+03 9.03918411e+00]
 [3.31074169e+00 1.81977391e+03 7.29522276e+00]
 [2.58695652e+00 1.19727826e+03 4.76060118e+00]
 [4.51108269e+00 1.66438841e+03 8.60762211e+00]
 [1.47975277e+00 7.90376812e+02 2.95437466e+00]
 [7.09697357e+00 4.52699710e+03 1.37552335e+01]
 [1.02557545e+01 5.91644348e+03 2.49227053e+01]
 [7.65963342e+00 4.11208406e+03 1.37847558e+01]
 [1.93094629e+00 7.87289855e+02 2.89371981e+00]
 [9.62276215e-01 5.62681159e+02 2.13794954e+00]
 [2.51982097e+00 1.38105217e+03 4.54696726e+00]
 [2.91645354e+00 2.24679130e+03 5.74396135e+00]
 [4.68393009e+00 3.32986667e+03 9.51637144e+00]
 [1.11197783e+01 4.39054493e+03 1.90923242e+01]
 [8.21973572e+00 4.61847826e+03 1.74272678e+01]
 [2.17945439e+00 1.89629855e+03 3.18625872e+00]
 [9.51619778e-01 7.41359420e+02 1.56468062e+00]
 [1.13561381e+01 5.84842029e+03 2.57579173e+01]
 [9.95524297e-01 7.26437681e+02 2.64680623e+00]
 [1.72996590e+00 1.64011884e+03 4.42512077e+00]
 [8.93734015e+00 5.26050725e+03 2.95448202e+01]
 [2.50404945e+00 1.37881159e+03 6.49919485e+00]
 [8.89578005e+00 4.40331014e+03 2.43505099e+01]
 [1.26577153e+00 5.94055072e+02 3.74235105e+00]
 [3.38448423e+00 2.56804348e+03 1.01277509e+01]
 [2.76705030e+00 1.69586377e+03 8.32850242e+00]
 [1.86722080e+00 1.08426087e+03 6.10950081e+00]
 [1.34612106e+00 8.96573913e+02 4.42726785e+00]
 [3.46909633e+00 2.51470435e+03 1.21320451e+01]
 [1.84313725e+00 1.22079420e+03 6.75254965e+00]
 [1.53623188e+00 1.35871884e+03 7.21095008e+00]
 [1.08064791e+01 5.28979130e+03 3.41991412e+01]
 [1.18797954e+00 9.91759420e+02 3.82286634e+00]
 [8.48891731e-01 7.72550725e+02 3.06280193e+00]
 [5.02259165e+00 3.07923188e+03 1.90789050e+01]
 [1.17710997e+00 1.04480870e+03 4.56790123e+00]
 [3.25980392e+00 2.65668406e+03 1.26505636e+01]
 [1.76747656e+00 1.42327246e+03 6.69565217e+00]
 [1.16208440e+01 5.19851014e+03 3.15630703e+01]
 [1.15153453e+00 6.29936232e+02 3.19699410e+00]
 [3.21504689e+00 2.27585217e+03 9.65807837e+00]
 [3.27983802e+00 2.39418841e+03 9.11057434e+00]
 [2.43456948e+00 1.60002319e+03 5.58883521e+00]
 [2.53878943e+00 1.28336522e+03 5.76650564e+00]
 [2.43393009e+00 1.21141449e+03 5.69672571e+00]
 [1.58141517e+00 6.19556522e+02 4.05152979e+00]
 [7.01001705e+00 2.94357681e+03 1.48599034e+01]
 [1.96952259e+00 1.03839710e+03 4.09930220e+00]
 [4.85571185e+00 3.18882609e+03 1.23354804e+01]
 [4.51470588e+00 3.13662029e+03 1.45528717e+01]
 [2.66581415e+00 2.28040580e+03 8.14492754e+00]
 [1.47826087e+00 8.92272464e+02 3.97316157e+00]
 [1.41283035e+00 1.03822609e+03 2.78743961e+00]
 [8.69138960e+00 4.95431594e+03 1.89812131e+01]
 [3.84846547e+00 2.89280870e+03 7.35856146e+00]
 [7.44906223e+00 3.61242899e+03 1.72603328e+01]
 [1.31202046e+00 1.12240290e+03 4.07836822e+00]
 [1.63171355e+00 1.07867536e+03 4.78099839e+00]
 [1.25230179e+01 4.48328406e+03 2.95410628e+01]
 [7.70907928e+00 3.69982029e+03 2.24288782e+01]
 [8.76705030e+00 3.24972754e+03 2.25662909e+01]
 [8.03793691e+00 2.44906377e+03 2.28158884e+01]]
N . X_bar
[ 497.35903867  364.90737874  382.3273517   498.17506962 1118.22505689
  216.37640127  985.34153667  137.07589165  951.55586239  107.86691912
  787.60863486  191.16690013  176.15056415  797.73851734  460.62155814
  907.9741598   217.22098986  265.41140159  618.75320077  146.48125247
  542.88416093  124.10662737  207.78603049  463.94759269 1105.09446021
  945.08179724  274.99003149  373.32688475  724.53839527  935.73592985
  609.24589518  260.22320427  924.67074049  232.9033859   119.66698771
  405.24805697  724.00123345 1077.45722544  336.99420394  496.7869904
  357.62474535  235.69088554  329.49670431  155.27011239  886.46286155
 1162.74405989  807.0510587   155.10833939  110.46187648  270.95783587
  438.84122219  651.21879622  866.72668335  906.94226053  369.32900896
  144.63831346 1151.1384865   142.30486038  320.04548994 1037.0529443
  271.40949292  869.33727414  117.56102314  503.28207314  333.6534814
  213.78533951  176.28855187  494.00789616  240.38255161  266.87370654
 1046.75589847  194.20130174  151.23786181  607.64682736  204.76218956
  521.40845112  279.3194738  1028.7734502   124.11121229  446.55393843
  469.18465287  313.57140462  252.70397688  238.6915235   122.94332363
  581.57847853  204.12028709  625.49930145  616.10662818  446.17286883
  175.38499935  202.91339157  972.8947975   565.09927444  712.09747079
  219.6357191   211.85523126  890.8588939   731.59580404  645.95711466
  490.94788094]
X
[ 495.62457823  365.91770612  382.95126302  499.18854828 1120.28756063
  215.37359599  986.57059087  135.70295487  949.84280696  107.99786799
  785.08424967  190.79394601  175.17971797  796.57244895  459.61619897
  908.25718031  217.4904791   265.59820689  617.88420339  145.82008628
  543.86313615  124.12169012  207.11187624  463.26609775 1102.85210137
  944.68387588  276.3544537   373.66243126  725.83444103  936.95472852
  609.89911621  259.56960526  926.65517562  232.9755342   119.96021118
  406.08726301  723.77802782 1075.36250907  336.48378764  495.45562922
  358.22676655  235.87415402  328.61642979  154.86187233  885.49713571
 1166.38492715  805.35044886  154.91078142  110.79047853  269.13804782
  438.30409749  652.84056092  868.1336274   907.48936555  371.24496736
  144.72405978 1154.25434458  141.39241934  319.45740131 1039.15077889
  269.9076133   870.40958097  117.01964851  504.79508363  333.20233482
  215.81442184  176.60434305  494.40977208  240.72350069  267.63772982
 1043.48614225  194.91881563  151.11495751  607.39473658  204.37433466
  520.80064169  278.1896137  1029.54288179  123.20763372  447.37349162
  467.52781717  314.02902548  251.17788522  238.68996601  122.65818724
  580.03036439  204.64288557  625.32904437  613.60702418  445.68996553
  175.4460251   202.59850236  968.54164808  565.7903456   713.43133046
  220.99268212  212.2662956   890.1343702   729.39326014  648.98864207
  492.30620945]
