samples: 101 r2 stat 0.9999681735622666
Partial Molar Volumes:

[1.03651011 0.24455481]
Matrix of selected instances
[[1.15638009e+01 2.01715165e+03]
 [8.76425339e+00 1.48081538e+03]
 [9.01085973e+00 1.55492967e+03]
 [1.41309955e+01 2.01434286e+03]
 [2.39773756e+01 4.54174725e+03]
 [5.63642534e+00 8.75914286e+02]
 [2.38063348e+01 3.98517143e+03]
 [3.55226244e+00 5.50806593e+02]
 [2.36074661e+01 3.85071648e+03]
 [2.96877828e+00 4.35621978e+02]
 [2.05364253e+01 3.17406154e+03]
 [4.81108597e+00 7.74386813e+02]
 [4.97918552e+00 7.10536264e+02]
 [2.03735294e+01 3.22059780e+03]
 [1.45936652e+01 1.85290330e+03]
 [2.27500000e+01 3.67986154e+03]
 [5.91538462e+00 8.75925275e+02]
 [7.94773756e+00 1.07122857e+03]
 [1.74366516e+01 2.49983077e+03]
 [4.39072398e+00 5.90775824e+02]
 [1.76667421e+01 2.17848352e+03]
 [3.61968326e+00 4.99740659e+02]
 [7.58936652e+00 8.31068132e+02]
 [1.57782805e+01 1.86519341e+03]
 [2.38785068e+01 4.49477582e+03]
 [2.24072398e+01 3.83777363e+03]
 [1.00585973e+01 1.10700659e+03]
 [1.34830317e+01 1.49399121e+03]
 [2.05771493e+01 2.92615385e+03]
 [2.32416290e+01 3.78286593e+03]
 [1.99429864e+01 2.44979341e+03]
 [9.33257919e+00 1.04179560e+03]
 [2.22762443e+01 3.74931209e+03]
 [8.56040724e+00 9.36215385e+02]
 [3.41334842e+00 4.80206593e+02]
 [1.49656109e+01 1.60828571e+03]
 [1.97619910e+01 2.92710989e+03]
 [2.14610860e+01 4.38430989e+03]
 [1.30020362e+01 1.34176703e+03]
 [1.72178733e+01 1.98552527e+03]
 [1.24122172e+01 1.43161758e+03]
 [7.31447964e+00 9.46729670e+02]
 [1.02549774e+01 1.32021978e+03]
 [4.67488688e+00 6.26158242e+02]
 [2.18373303e+01 3.58453407e+03]
 [2.38199095e+01 4.72771429e+03]
 [2.19452489e+01 3.25785495e+03]
 [4.50972851e+00 6.23534066e+02]
 [3.15859729e+00 4.46804396e+02]
 [1.04208145e+01 1.08334725e+03]
 [1.73459276e+01 1.75947692e+03]
 [2.12712670e+01 2.62213407e+03]
 [2.22642534e+01 3.51028571e+03]
 [2.28920814e+01 3.66382418e+03]
 [1.52203620e+01 1.46729890e+03]
 [5.40610860e+00 5.75969231e+02]
 [2.38816742e+01 4.68462857e+03]
 [5.36289593e+00 5.67417582e+02]
 [1.41104072e+01 1.27672527e+03]
 [2.38690045e+01 4.20990110e+03]
 [1.18891403e+01 1.07458462e+03]
 [2.20276018e+01 3.51493187e+03]
 [4.64321267e+00 4.67397802e+02]
 [1.98047511e+01 2.00751429e+03]
 [1.60047511e+01 1.31389231e+03]
 [1.00981900e+01 8.49279121e+02]
 [7.66787330e+00 6.98531868e+02]
 [1.92178733e+01 1.97472088e+03]
 [1.08364253e+01 9.55481319e+02]
 [1.29674208e+01 1.05643956e+03]
 [2.30099548e+01 4.24207692e+03]
 [8.61425339e+00 7.71819780e+02]
 [6.04909502e+00 6.01224176e+02]
 [1.98705882e+01 2.43699780e+03]
 [8.97443439e+00 8.13613187e+02]
 [1.85850679e+01 2.08505055e+03]
 [1.41479638e+01 1.09340220e+03]
 [2.10466063e+01 4.19484396e+03]
 [4.63936652e+00 4.95683516e+02]
 [1.84635747e+01 1.76680879e+03]
 [1.84520362e+01 1.86122857e+03]
 [1.58432127e+01 1.23283736e+03]
 [1.19975113e+01 9.96509890e+02]
 [1.16529412e+01 9.47171429e+02]
 [4.60497738e+00 4.89964835e+02]
 [1.97205882e+01 2.33014286e+03]
 [9.68009050e+00 8.08613187e+02]
 [1.99705882e+01 2.51772967e+03]
 [2.01031674e+01 2.47304615e+03]
 [1.85785068e+01 1.77217363e+03]
 [7.75475113e+00 6.96887912e+02]
 [9.80701357e+00 8.04389011e+02]
 [2.14769231e+01 3.94553626e+03]
 [1.95742081e+01 2.25511648e+03]
 [2.04687783e+01 2.87186374e+03]
 [1.13205882e+01 8.70364835e+02]
 [1.06246606e+01 8.37096703e+02]
 [2.07834842e+01 3.61647253e+03]
 [2.05904977e+01 2.94136923e+03]
 [2.03011312e+01 2.59930330e+03]
 [1.91932127e+01 1.95844396e+03]]
N . X_bar
[ 505.2901267   371.22475644  389.60537117  507.26414643 1135.55891074
  220.05126011  999.26833256  138.38435556  966.18060005  109.61061705
  797.51821643  194.36675616  178.9260343   808.73004011  468.26288784
  923.50842985  220.34309164  270.21200585  629.41889459  149.0280969
  551.07037064  125.96581831  211.10816093  472.4963591  1123.96934365
  961.77131549  281.14962053  379.33802895  736.93340964  949.20822823
  619.77985847  264.44943466  940.00184298  237.82892046  120.97480046
  408.82600789  736.32229489 1094.44868745  341.61231849  503.41624823
  362.97434882  239.10882301  333.49548003  157.97557488  899.24964694
 1180.87482725  819.47055656  157.16263175  112.54208033  275.73905685
  448.267767    663.30337121  881.53436579  919.7336846   374.61105726
  146.45952974 1170.40202849  144.32339267  326.8548817  1054.29201126
  275.11804629  882.42531328  119.11711574  511.47509156  337.90776483
  218.16216676  178.77715373  502.84700157  244.899613    271.79823458
 1061.27034993  197.68099739  153.30220986  616.57559047  208.27510708
  529.17274348  282.06126993 1047.68427036  126.03053653  451.21926307
  474.29811437  317.91795222  256.13682467  243.71371635  124.59636084
  590.28822359  207.78375274  636.42260783  625.63245879  452.6503876
  178.46516613  206.88226729  987.16090367  571.78843889  723.54417466
  224.58580761  215.72859008  905.96802902  740.66824084  656.71444136
  498.84084081]
X
[ 504.83715869  371.15190013  389.19323958  507.32634375 1136.53915458
  219.11243363  998.711865    138.63085817  963.11581052  109.64195718
  796.65830335  195.1180245   178.4766547   810.78152583  468.76030045
  921.71149706  220.815216    269.43900239  629.7616677   148.65992699
  550.80276145  126.01256316  211.80135984  470.44003059 1122.45696534
  959.49508276  280.42649335  376.77382462  736.6743093   945.48031279
  619.44861738  264.57514656  943.90831481  237.3086711   121.50295497
  410.48765153  737.25514124 1092.86466598  343.68417792  504.31233444
  362.96970058  239.17767102  333.78710542  158.06092394  902.53792232
 1176.43429331  819.32197183  156.86305697  112.71450966  274.37744972
  448.11691984  664.22220958  879.45337841  916.71181121  374.13120875
  147.328178   1171.97822006  144.02107666  325.88255111 1051.99400719
  273.93721909  886.46779235  119.1723299   510.43746727  337.15531673
  217.25301219  179.53885176  503.27401429  244.476632    270.58707274
 1068.57522535  197.11527468  153.42917798  617.82010419  208.02667967
  529.08656475  283.36510738 1043.40798356  125.85521809  452.58848088
  477.93243815  317.51292484  255.81226784  242.48586835  125.122878
  591.26164536  206.96575153  636.04085443  625.18751688  451.77352879
  178.39609036  206.34592172  992.56680557  571.89038074  721.92265236
  225.01676888  216.03516142  907.8204342   745.18898472  657.17072384
  497.27802405]
