samples: 112 r2 stat 0.9999731747262119
Partial Molar Volumes:

[1.44739511 0.24512752 0.3831238 ]
Matrix of selected instances
[[2.44927536e+00 1.94158799e+03 1.27783145e+01]
 [1.83972720e+00 1.42434576e+03 8.70853462e+00]
 [2.30669224e+00 1.48554865e+03 1.04417606e+01]
 [3.26342711e+00 1.93813665e+03 1.54487386e+01]
 [1.41248934e+01 4.26061284e+03 6.11647880e+01]
 [1.40366581e+00 8.39859213e+02 6.99516908e+00]
 [1.04507673e+01 3.77146377e+03 4.88003221e+01]
 [1.02280477e+00 5.28443064e+02 4.70477724e+00]
 [1.08233163e+01 3.64438095e+03 4.32479871e+01]
 [9.24765558e-01 4.17028986e+02 4.01180891e+00]
 [6.16432225e+00 3.04387578e+03 2.70193237e+01]
 [1.22868713e+00 7.41571429e+02 5.35748792e+00]
 [1.13959932e+00 6.82919255e+02 5.03650027e+00]
 [6.05818414e+00 3.08207660e+03 2.70601181e+01]
 [2.25852515e+00 1.79574948e+03 1.12297370e+01]
 [7.57438193e+00 3.51896894e+03 3.22442297e+01]
 [1.23337596e+00 8.47405797e+02 5.40794418e+00]
 [1.47996590e+00 1.03820911e+03 6.61084273e+00]
 [3.79923274e+00 2.40840994e+03 1.67117552e+01]
 [9.46930946e-01 5.68768116e+02 4.65807837e+00]
 [3.13000853e+00 2.11150311e+03 1.51975309e+01]
 [8.72549020e-01 4.82169772e+02 3.97423510e+00]
 [1.45119352e+00 8.09701863e+02 6.25603865e+00]
 [2.88384484e+00 1.80310766e+03 1.30864198e+01]
 [1.21040068e+01 4.22836646e+03 5.63064949e+01]
 [9.70183291e+00 3.61703106e+03 4.25534085e+01]
 [1.96824382e+00 1.07092961e+03 8.75630703e+00]
 [2.52450980e+00 1.44840373e+03 1.17455717e+01]
 [5.65664962e+00 2.79624845e+03 2.91325819e+01]
 [9.91581415e+00 3.56455901e+03 5.25952764e+01]
 [4.98891731e+00 2.36365217e+03 2.48438003e+01]
 [2.02770673e+00 1.00189648e+03 9.56146001e+00]
 [1.12316709e+01 3.51031263e+03 5.91223833e+01]
 [2.05242967e+00 9.03496894e+02 9.80730005e+00]
 [1.08887468e+00 4.59981366e+02 5.49651100e+00]
 [3.14087809e+00 1.56658178e+03 1.55979603e+01]
 [7.30370844e+00 2.77052588e+03 3.61561997e+01]
 [1.40377238e+01 4.07546584e+03 7.18738594e+01]
 [2.43094629e+00 1.30636646e+03 1.16661299e+01]
 [3.87851662e+00 1.90581573e+03 1.88910360e+01]
 [2.48231032e+00 1.38409524e+03 1.19833602e+01]
 [1.69607843e+00 9.10592133e+02 7.58722491e+00]
 [2.21504689e+00 1.27572878e+03 1.03134729e+01]
 [1.19714408e+00 6.00430642e+02 5.60010735e+00]
 [1.01430094e+01 3.37991718e+03 4.74117016e+01]
 [1.61756181e+01 4.40555694e+03 7.62243693e+01]
 [8.60315431e+00 3.09384472e+03 3.74895330e+01]
 [1.09569480e+00 5.98672878e+02 5.29468599e+00]
 [9.89982950e-01 4.26262940e+02 4.83789587e+00]
 [2.57928389e+00 1.03902277e+03 1.12737520e+01]
 [3.82203751e+00 1.69541615e+03 1.82834138e+01]
 [6.72953964e+00 2.50177640e+03 3.40552872e+01]
 [9.89982950e+00 3.29613458e+03 5.07187332e+01]
 [1.11741262e+01 3.44594617e+03 5.58389694e+01]
 [2.80200341e+00 1.42917391e+03 1.48786903e+01]
 [1.10187553e+00 5.58770186e+02 5.95705851e+00]
 [1.42107843e+01 4.37326294e+03 7.30606549e+01]
 [1.07459506e+00 5.48877847e+02 5.34621578e+00]
 [2.18201194e+00 1.24683023e+03 1.12249061e+01]
 [1.22521313e+01 3.94997723e+03 6.39329039e+01]
 [1.78196931e+00 1.04681366e+03 9.38164251e+00]
 [8.78410060e+00 3.31885714e+03 4.70466989e+01]
 [1.00191816e+00 4.52536232e+02 5.15244230e+00]
 [3.60059676e+00 1.95221946e+03 1.86285561e+01]
 [2.25724638e+00 1.28603520e+03 1.08352120e+01]
 [1.53452685e+00 8.30805383e+02 7.73161567e+00]
 [1.17412617e+00 6.83049689e+02 6.32420827e+00]
 [3.63320546e+00 1.91680952e+03 1.79205582e+01]
 [1.80647911e+00 9.34724638e+02 8.46269458e+00]
 [2.00767263e+00 1.03429607e+03 9.25925926e+00]
 [1.40196078e+01 3.97723810e+03 6.26800859e+01]
 [1.62809037e+00 7.50935818e+02 7.93612453e+00]
 [1.33333333e+00 5.81579710e+02 6.71658615e+00]
 [5.41624041e+00 2.34290476e+03 2.70182501e+01]
 [1.87404092e+00 7.84960663e+02 8.91948470e+00]
 [4.55818414e+00 2.01253416e+03 2.16795491e+01]
 [2.17647059e+00 1.07597930e+03 1.12007515e+01]
 [1.30579710e+01 3.91435818e+03 6.00268384e+01]
 [1.07566070e+00 4.74788820e+02 5.52603328e+00]
 [3.32225064e+00 1.72554037e+03 1.68502415e+01]
 [3.41624041e+00 1.80862940e+03 1.75684380e+01]
 [2.46824382e+00 1.20933954e+03 1.18947933e+01]
 [2.20652174e+00 9.72310559e+02 1.04519592e+01]
 [2.10997442e+00 9.21919255e+02 1.05517982e+01]
 [1.24467178e+00 4.69534161e+02 6.28180354e+00]
 [5.69394714e+00 2.23171014e+03 2.81803543e+01]
 [1.73486786e+00 7.83710145e+02 9.17498658e+00]
 [6.67838875e+00 2.40122360e+03 3.10767579e+01]
 [6.30498721e+00 2.35968116e+03 2.88727858e+01]
 [3.43691390e+00 1.72180331e+03 1.78405797e+01]
 [1.44160273e+00 6.77811594e+02 7.92538916e+00]
 [1.90814152e+00 7.82712215e+02 9.41009125e+00]
 [1.27482950e+01 3.69543685e+03 5.89404187e+01]
 [5.90046888e+00 2.16217391e+03 2.82592593e+01]
 [7.18478261e+00 2.73406418e+03 3.45432099e+01]
 [1.71355499e+00 8.53623188e+02 8.80139560e+00]
 [1.71696505e+00 8.17552795e+02 8.83950617e+00]
 [9.96398124e+00 3.39745963e+03 4.51331186e+01]
 [7.67945439e+00 2.79694824e+03 3.69640365e+01]
 [6.39769821e+00 2.48965424e+03 3.07198068e+01]
 [4.07992327e+00 1.90150311e+03 2.00483092e+01]
 [3.74509804e+00 1.77857143e+03 1.92469136e+01]
 [4.70780051e+00 2.13618634e+03 2.41808910e+01]
 [2.87340153e+00 1.46860248e+03 1.47171229e+01]
 [1.52642796e+00 6.63445135e+02 7.95813205e+00]
 [1.32459506e+00 5.37385093e+02 6.51100376e+00]
 [1.05541347e+00 4.10306418e+02 5.47396672e+00]
 [1.58738278e+00 6.94041408e+02 8.23564144e+00]
 [1.75745951e+00 8.62821946e+02 9.06763285e+00]
 [5.32992327e+00 2.19062319e+03 2.42179281e+01]
 [1.53026428e+00 5.98416149e+02 7.25067096e+00]
 [6.26236147e+00 2.18755487e+03 2.56983360e+01]]
N . X_bar
[ 484.3773887   355.1455972   371.4880348   485.73287116 1088.27143248
  210.58427822  958.31250256  132.81885087  925.57300147  105.10080028
  765.41166642  185.6105397   170.98135468  774.6377461   447.7589692
  885.91277423  211.57957323  259.16848759  602.2692096   142.57591981
  527.94040783  120.9786262   202.97749483  451.17908515 1075.58060908
  916.97945009  268.71789126  363.19758007  704.78623075  908.27410089
  596.13537373  252.19051204  899.3820759   228.20003692  116.43596622
  394.53434317  703.55578176 1046.86353986  328.2144781   480.01923012
  347.46382305  228.57293034  319.87361256  151.06034714  861.35619992
 1132.53911251  785.20176961  150.36561945  107.77518552  262.74555819
  428.12996     636.0419298   841.73380228  882.26284149  360.08583881
  140.8470884  1120.56698041  138.14868976  313.0911597  1010.47600091
  262.77637837  844.28198445  114.35327751  490.89123828  322.66096928
  208.83649314  171.55665342  481.98723497  234.98367809  259.98776452
 1019.23664269  189.47204054  147.06433434  592.50120099  198.54520255
  508.23094621  271.19362035 1001.41465404  120.05786534  434.24176463
  455.02036996  304.572102    245.53817602  233.08438929  119.30398337
  566.09152178  198.13511672  610.17849183  598.6104422   433.87109354
  171.27324691  198.23136635  946.88655639  549.37542686  693.82790888
  215.09874771  206.27643853  864.52423163  710.88598368  631.31224888
  479.6969799   448.77138504  539.71637418  369.79230761  167.88695255
  136.13960638  104.20220066  175.5814872   217.51916538  553.97499199
  151.6810663   555.1396476 ]
X
[ 484.29167739  354.49077903  373.10063427  486.71435017 1086.82667066
  210.79560057  960.66923956  132.43438398  924.61161143  104.78752691
  763.0113254   185.70547334  171.71131104  775.16017421  447.63280255
  886.41747001  211.33713389  258.48193337  603.31617154  143.00375793
  527.1384342   120.34784242  202.92903951  451.49318994 1078.42998327
  924.31617305  268.6118902   363.38806577  702.98499858  904.37042789
  593.83079589  253.02494168  901.25293755  226.79508838  116.18052042
  394.28428631  703.43021709 1047.36829478  329.66870512  482.70899806
  348.51431249  229.09473228  320.17412128  151.60205875  861.47651438
 1131.13273862  786.036221    150.74425876  107.48028576  264.27237527
  428.18863669  634.58573685  843.79556693  881.67575786  356.89899331
  140.96821326 1125.11321046  138.06896693  312.80791482 1012.00516979
  263.14004427  843.78728579  114.42668152  491.33406129  324.51321807
  208.59947633  171.58808695  480.2966571   233.99719542  260.24735779
 1016.69020983  188.81255164  147.44645405  591.02076681  199.19240682
  506.0915204   269.76107361  997.72646467  120.50616307  434.51721381
  455.60964014  303.64037147  244.99803797  233.78994392  119.54110233
  564.6667631   199.27007192  611.38045504  596.3258066   432.70496155
  171.02404068  197.53587428  945.17035147  548.85875021  690.78732995
  214.97689437  206.09066854  866.96964875  711.4165142   629.47653652
  477.14056546  449.92076276  539.14474169  369.07328939  168.21849772
  135.96065841  103.89516613  176.68799006  217.7734955   555.81294184
  151.21120332  556.21609012]
