samples: 101 r2 stat 0.9999783673018607
Partial Molar Volumes:

[1.71377781 0.24301894 0.45444723]
Matrix of selected instances
[[9.13941940e+00 1.76297403e+03 7.19494949e+01]
 [6.59377387e+00 1.29927458e+03 5.15488215e+01]
 [7.00515661e+00 1.35720965e+03 5.50860991e+01]
 [9.20874714e+00 1.76949165e+03 7.39215969e+01]
 [1.81791444e+01 4.02203525e+03 1.37099086e+02]
 [3.88330787e+00 7.72628942e+02 2.91630592e+01]
 [1.71017953e+01 3.52567347e+03 1.21886003e+02]
 [2.49236058e+00 4.86708720e+02 1.90808081e+01]
 [1.69016425e+01 3.40056586e+03 1.20241462e+02]
 [1.91443850e+00 3.82849722e+02 1.55517076e+01]
 [1.41829641e+01 2.82067904e+03 9.98470418e+01]
 [3.39381207e+00 6.82705009e+02 2.53386243e+01]
 [3.19404125e+00 6.28562152e+02 2.41168831e+01]
 [1.45288388e+01 2.84319109e+03 1.05472342e+02]
 [8.15985485e+00 1.63895733e+03 6.28066378e+01]
 [1.70366692e+01 3.24785714e+03 1.18967292e+02]
 [4.04889228e+00 7.69491651e+02 3.03482443e+01]
 [4.91310160e+00 9.48109462e+02 3.74064454e+01]
 [1.08185638e+01 2.21391280e+03 8.12780183e+01]
 [2.58861727e+00 5.22419295e+02 1.95502646e+01]
 [9.25783040e+00 1.92669388e+03 7.20264550e+01]
 [2.11363636e+00 4.43480519e+02 1.65767196e+01]
 [3.65297937e+00 7.38484230e+02 2.97561328e+01]
 [8.28246753e+00 1.64168460e+03 6.66849447e+01]
 [1.79304813e+01 3.97443599e+03 1.34450216e+02]
 [1.51802903e+01 3.39232282e+03 1.18366041e+02]
 [4.60408709e+00 9.77645640e+02 4.04175084e+01]
 [6.23605806e+00 1.32899072e+03 5.26714767e+01]
 [1.24633308e+01 2.58232653e+03 9.88128908e+01]
 [1.57727273e+01 3.33910575e+03 1.17987975e+02]
 [1.12343392e+01 2.16817254e+03 8.51058201e+01]
 [4.51489687e+00 9.24536178e+02 3.81236171e+01]
 [1.57698625e+01 3.32052876e+03 1.15428090e+02]
 [4.23529412e+00 8.26816327e+02 3.44886965e+01]
 [2.17207792e+00 4.25141002e+02 1.71943242e+01]
 [7.50362872e+00 1.42964193e+03 6.02924483e+01]
 [1.29115737e+01 2.57865863e+03 9.97445887e+01]
 [1.71705500e+01 3.87141373e+03 1.31681578e+02]
 [6.45798319e+00 1.18492950e+03 5.25122655e+01]
 [9.67704354e+00 1.74062894e+03 7.36964887e+01]
 [7.08212376e+00 1.25332096e+03 5.58186628e+01]
 [4.70760122e+00 8.24244898e+02 3.77239057e+01]
 [7.01145913e+00 1.14355102e+03 5.48787879e+01]
 [3.21466769e+00 5.45092764e+02 2.41327561e+01]
 [1.49402215e+01 3.15346568e+03 1.22215969e+02]
 [1.84417494e+01 4.16541373e+03 1.45160173e+02]
 [1.46440031e+01 2.85582189e+03 1.13974026e+02]
 [2.87051184e+00 5.46152134e+02 2.23482443e+01]
 [2.05996944e+00 3.91912801e+02 1.63737374e+01]
 [5.18372804e+00 9.59111317e+02 4.10702261e+01]
 [8.92417876e+00 1.54551948e+03 6.67970178e+01]
 [1.22944996e+01 2.29974397e+03 9.74040404e+01]
 [1.50431627e+01 3.09118553e+03 1.19276575e+02]
 [1.52291826e+01 3.23212616e+03 1.21999519e+02]
 [7.35733384e+00 1.28892208e+03 5.91154401e+01]
 [2.86325439e+00 5.08717996e+02 2.16628187e+01]
 [1.74858671e+01 4.14399443e+03 1.43805676e+02]
 [2.68754775e+00 5.01771800e+02 1.98095238e+01]
 [6.26432391e+00 1.12092764e+03 5.19610390e+01]
 [1.69041253e+01 3.72317996e+03 1.32751804e+02]
 [5.49789916e+00 9.46732839e+02 4.30466570e+01]
 [1.65752483e+01 3.08515399e+03 1.22585378e+02]
 [2.27444614e+00 4.15170686e+02 1.75098605e+01]
 [1.07398778e+01 1.76414100e+03 7.98624339e+01]
 [7.19919786e+00 1.15452134e+03 5.75776816e+01]
 [4.39495798e+00 7.48139147e+02 3.53953824e+01]
 [3.53552330e+00 6.17447124e+02 2.79576720e+01]
 [9.62796028e+00 1.73397588e+03 7.96267436e+01]
 [4.90126050e+00 8.42539889e+02 4.01798942e+01]
 [5.34969442e+00 9.36877551e+02 4.27614238e+01]
 [1.91075248e+01 3.72516883e+03 1.39617124e+02]
 [3.90336134e+00 6.84194805e+02 3.01385281e+01]
 [2.95741024e+00 5.31233766e+02 2.36440596e+01]
 [1.21909855e+01 2.14260482e+03 9.18061568e+01]
 [3.71485867e+00 7.19871985e+02 3.09571910e+01]
 [9.29144385e+00 1.84401113e+03 7.60485810e+01]
 [4.69003056e+00 9.90927644e+02 4.02554113e+01]
 [1.68535141e+01 3.69663080e+03 1.32465608e+02]
 [2.04469060e+00 4.42844156e+02 1.64415584e+01]
 [7.89495798e+00 1.59620965e+03 6.08388648e+01]
 [9.19289534e+00 1.66291651e+03 6.54915825e+01]
 [5.80863254e+00 1.11235993e+03 4.31471861e+01]
 [4.53246753e+00 8.97849722e+02 3.43573834e+01]
 [4.39591291e+00 8.50395176e+02 3.35675806e+01]
 [2.18372804e+00 4.38771800e+02 1.61471861e+01]
 [1.06485867e+01 2.06374212e+03 8.10793651e+01]
 [3.74427044e+00 7.26888683e+02 2.92328042e+01]
 [1.12985103e+01 2.22125974e+03 8.89365079e+01]
 [1.06606188e+01 2.18657699e+03 8.55002405e+01]
 [7.73815890e+00 1.58323191e+03 6.36801347e+01]
 [3.33059587e+00 6.21827458e+02 2.56796537e+01]
 [4.03705118e+00 7.15454545e+02 3.09004329e+01]
 [1.59648587e+01 3.46850835e+03 1.32288600e+02]
 [1.10326585e+01 1.99233952e+03 8.45858586e+01]
 [1.36757066e+01 2.51835250e+03 1.03743146e+02]
 [4.15546218e+00 7.81970315e+02 3.31120731e+01]
 [3.78399542e+00 7.51285714e+02 3.01005291e+01]
 [1.49037433e+01 3.18125603e+03 1.20029341e+02]
 [1.27635600e+01 2.60194063e+03 1.01210197e+02]
 [1.19018335e+01 2.29724675e+03 9.18181818e+01]
 [8.41653934e+00 1.74730983e+03 6.85921116e+01]]
N . X_bar
[ 476.79626382  350.47481575  366.86665847  479.39519881 1070.89006169
  207.67166576  941.50486672  131.22201035  910.01097429  103.38808661
  755.160093    183.24155589  169.18623637  763.78010454  440.82415518
  872.55222559  207.73162358  255.82777749  593.49992949  140.27866227
  516.82119321  118.92971363  199.2486427   443.45955084 1057.69261566
  904.2054638   263.84441525  357.59354296  693.81888327  892.11620226
  584.83626061  249.74250528  886.43339869  223.86367382  114.85368803
  387.68935638  694.11910958 1030.09570077  322.89191405  473.08127009
  342.08455697  225.51842929  314.8601543   148.94415673  847.49681846
 1109.84713314  770.91056012  147.80083042  106.21356353  260.63022527
  421.24028685  624.21638145  831.2021816   867.00965539  352.70616204
  138.37969855 1102.38812122  135.54829433  306.7558586   994.10185633
  259.05862359  833.86573346  112.74954353  483.41870429  319.07439598
  205.42929816  168.8157343   474.07532033  231.4124647   256.27998857
 1001.48125185  186.65816175  144.9131888   583.30724953  195.3773796
  498.6131699   267.14581713  987.43310941  118.59548389  429.08743569
  449.63725817  299.88735606  241.5757486   229.45044725  117.71032679
  556.62402795  196.34933247  599.58827591  588.50490519  426.95608833
  168.49379924  194.83023092  930.39163457  541.52357437  682.59026678
  212.20282681  202.74068819  853.19417778  700.18945649  620.39808987
  470.22495885]
X
[ 477.24659788  349.20292005  368.40078     479.40326088 1071.51151949
  207.29558491  941.87049815  131.22500724  910.30382947  103.42314915
  751.49350712  182.95705541  168.56617056  763.59169152  439.99441331
  875.62335524  208.10469679  254.84522286  589.01562953  140.36823749
  520.71204524  118.97340226  198.76580625  445.52723372 1053.38958213
  904.14965045  265.40753769  358.55513902  695.71354564  893.14684835
  587.02973105  249.30836357  888.57598758  224.1963954   115.2247863
  387.36845135  694.55828912 1032.94280174  321.96434812  474.92516892
  342.89106441  225.52671748  314.26014035  149.05409397  846.64699061
 1112.44027067  772.10283389  147.82837637  106.70764809  259.84680928
  421.50964522  624.96740966  831.79146637  869.83769121  353.18414865
  138.33622773 1102.14809     135.90960992  306.11161734  991.83185094
  259.15687655  831.18074117  112.76989015  483.44278849  318.22916871
  205.16443497  169.21492964  474.98994617  230.65823821  256.04870063
 1002.63124004  186.71792662  144.89444663  584.23137711  196.23634974
  497.18157199  266.45916355  984.61701397  118.30010479  427.300292
  450.064894    299.5382885   242.1710688   229.64411121  117.66139971
  556.44250104  196.3887728   599.46378047  587.51649589  426.81187875
  168.47330829  194.80152656  929.76491806  540.82493221  679.22804855
  211.64324311  203.32682901  850.97483254  700.47406209  620.43821526
  470.71958954]
