samples: 101 r2 stat 0.9999831548101482
Partial Molar Volumes:

[1.44007633 0.2457644  0.26141629]
Matrix of selected instances
[[8.54607843e+00 1.93298095e+03 2.48395062e+01]
 [6.36000000e+00 1.41431619e+03 1.98069136e+01]
 [6.74019608e+00 1.48649143e+03 2.06409877e+01]
 [8.41098039e+00 1.94646286e+03 2.35446914e+01]
 [1.73507843e+01 4.37346095e+03 4.40325926e+01]
 [3.65509804e+00 8.38388571e+02 1.10967901e+01]
 [1.74337255e+01 3.83090286e+03 4.19234568e+01]
 [2.29137255e+00 5.29830476e+02 7.21580247e+00]
 [1.42592157e+01 3.71414476e+03 3.96365432e+01]
 [1.73019608e+00 4.20125714e+02 5.35802469e+00]
 [1.16025490e+01 3.07588381e+03 3.24335802e+01]
 [2.99862745e+00 7.41040000e+02 9.37679012e+00]
 [2.81607843e+00 6.84954286e+02 8.66370370e+00]
 [1.23217647e+01 3.11222857e+03 3.43071605e+01]
 [7.26549020e+00 1.79681905e+03 2.30325926e+01]
 [1.36709804e+01 3.55786476e+03 3.74587654e+01]
 [3.84549020e+00 8.44272381e+02 1.19323457e+01]
 [4.88980392e+00 1.03003238e+03 1.41298765e+01]
 [1.12166667e+01 2.40572571e+03 3.00711111e+01]
 [2.73490196e+00 5.67059048e+02 7.87802469e+00]
 [9.94333333e+00 2.10716381e+03 2.76938272e+01]
 [2.37960784e+00 4.79761905e+02 6.69185185e+00]
 [4.44470588e+00 8.02003810e+02 1.24933333e+01]
 [9.85745098e+00 1.78508952e+03 2.67397531e+01]
 [2.04886275e+01 4.30319810e+03 4.97540741e+01]
 [1.97096078e+01 3.65476762e+03 4.77437037e+01]
 [6.48196078e+00 1.05998095e+03 1.62711111e+01]
 [7.95294118e+00 1.43896952e+03 2.13007407e+01]
 [1.48015686e+01 2.79966286e+03 3.83916049e+01]
 [1.55598039e+01 3.63282095e+03 4.32227160e+01]
 [1.06494118e+01 2.36868571e+03 3.03012346e+01]
 [4.40627451e+00 1.01023048e+03 1.21703704e+01]
 [1.49554902e+01 3.60361524e+03 4.11822222e+01]
 [4.04058824e+00 9.09539048e+02 1.05920988e+01]
 [2.21176471e+00 4.64011429e+02 5.53679012e+00]
 [7.01098039e+00 1.56855619e+03 1.91155556e+01]
 [1.23721569e+01 2.81559810e+03 3.36301235e+01]
 [1.75507843e+01 4.19082476e+03 4.96414815e+01]
 [5.65333333e+00 1.31195238e+03 1.67748148e+01]
 [7.64039216e+00 1.92884952e+03 2.32493827e+01]
 [5.83372549e+00 1.38775238e+03 1.75659259e+01]
 [3.87176471e+00 9.19047619e+02 1.13353086e+01]
 [4.84725490e+00 1.28856381e+03 1.45990123e+01]
 [2.72196078e+00 6.02441905e+02 7.40246914e+00]
 [1.41392157e+01 3.45161333e+03 3.91708642e+01]
 [1.91707843e+01 4.54176952e+03 4.92474074e+01]
 [1.32903922e+01 3.13968000e+03 3.70429630e+01]
 [2.83176471e+00 6.00120000e+02 7.23259259e+00]
 [2.09666667e+00 4.27748571e+02 5.93827160e+00]
 [4.62921569e+00 1.05124762e+03 1.41511111e+01]
 [7.41196078e+00 1.70796381e+03 2.19718519e+01]
 [1.16725490e+01 2.53346286e+03 3.26118519e+01]
 [1.46182353e+01 3.37448000e+03 4.15501235e+01]
 [1.53713725e+01 3.52809905e+03 4.41086420e+01]
 [5.60117647e+00 1.44010286e+03 1.57486420e+01]
 [2.43882353e+00 5.61899048e+02 6.40543210e+00]
 [1.68980392e+01 4.49857714e+03 4.84676543e+01]
 [2.68117647e+00 5.51392381e+02 6.97827160e+00]
 [4.69686275e+00 1.25757524e+03 1.32765432e+01]
 [1.55621569e+01 4.05971619e+03 4.50879012e+01]
 [4.08803922e+00 1.05284190e+03 1.12222222e+01]
 [1.41127451e+01 3.39018095e+03 3.87590123e+01]
 [1.90156863e+00 4.58093333e+02 5.18123457e+00]
 [7.40686275e+00 1.96843238e+03 2.02439506e+01]
 [4.68705882e+00 1.30267048e+03 1.23224691e+01]
 [3.34372549e+00 8.38638095e+02 8.84938272e+00]
 [3.03509804e+00 6.83304762e+02 7.81777778e+00]
 [8.49803922e+00 1.91868000e+03 2.31348148e+01]
 [4.03568627e+00 9.40432381e+02 1.04562963e+01]
 [4.33470588e+00 1.04108190e+03 1.12597531e+01]
 [1.77911765e+01 4.07196381e+03 4.69204938e+01]
 [3.59333333e+00 7.52687619e+02 9.31308642e+00]
 [3.06627451e+00 5.83992381e+02 8.00790123e+00]
 [1.23519608e+01 2.35589524e+03 3.14656790e+01]
 [4.00196078e+00 7.88518095e+02 1.03293827e+01]
 [1.07421569e+01 2.01231238e+03 2.75180247e+01]
 [4.87470588e+00 1.08091810e+03 1.29046914e+01]
 [2.13327451e+01 3.99296381e+03 4.86918519e+01]
 [2.95666667e+00 4.74643810e+02 7.28345679e+00]
 [1.13364706e+01 1.71239810e+03 2.60409877e+01]
 [1.12709804e+01 1.79339238e+03 2.59604938e+01]
 [7.10941176e+00 1.20525905e+03 1.78790123e+01]
 [5.81254902e+00 9.70876190e+02 1.45106173e+01]
 [5.52980392e+00 9.18636190e+02 1.44992593e+01]
 [3.08490196e+00 4.71260952e+02 7.26271605e+00]
 [1.54692157e+01 2.21136571e+03 3.71071605e+01]
 [4.69764706e+00 7.83775238e+02 1.17629630e+01]
 [1.66043137e+01 2.39184571e+03 3.84187654e+01]
 [1.54260784e+01 2.36164190e+03 3.66686420e+01]
 [1.12921569e+01 1.70652762e+03 2.76785185e+01]
 [4.49176471e+00 6.72956190e+02 1.10696296e+01]
 [5.15274510e+00 7.75571429e+02 1.33916049e+01]
 [2.25937255e+01 3.74862857e+03 5.26893827e+01]
 [1.62266667e+01 2.14566857e+03 3.86276543e+01]
 [1.97858824e+01 2.71322857e+03 4.46627160e+01]
 [5.41803922e+00 8.44940952e+02 1.39185185e+01]
 [5.05725490e+00 8.11961905e+02 1.35288889e+01]
 [2.10172549e+01 3.42750857e+03 5.01817284e+01]
 [1.76252941e+01 2.79709524e+03 4.43841975e+01]
 [1.67062745e+01 2.47490095e+03 4.08409877e+01]
 [1.21839216e+01 1.87901714e+03 3.26577778e+01]]
N . X_bar
[ 493.85836845  361.92531089  380.42896719  496.63870357 1111.33831507
  214.21056942  977.56492732  135.39955087  943.70057076  107.14423512
  781.12997358  188.89075202  174.65758295  791.5877322   458.07811764
  903.8760994   216.14920743  263.88076496  615.25568075  145.36084042
  539.42463423  123.08457458  206.7706648   459.89715171 1100.08462792
  939.07610714  274.09363876  370.66869029  719.40905293  926.52450349
  605.39583489  257.80559555  917.94310232  232.12002457  118.67000931
  400.58874177  718.58210005 1068.20711074  334.95763631  491.12306884
  354.05316594  234.40806135  327.47995333  153.91373296  878.88514544
 1156.68674726  800.44439697  153.45680896  109.69709367  268.72499942
  436.17429693  647.96961993  861.24031966  900.74782689  366.10909356
  143.28136086 1142.59483093  141.1979525   319.30177438 1031.93113547
  267.57182341  863.6414685   116.67589812  499.72915706  330.1210498
  213.23598436  174.34645485  489.82888919  239.66994605  265.04666403
 1038.63019218  192.59309085  150.0336046   605.00859641  202.2530776
  517.21793864  276.04463651 1024.77799524  122.81239287  443.97941854
  463.76957762  311.12173213  250.77063426  237.5217581   122.16025365
  575.45224426  202.4640547   621.7853066   612.20802583  442.90092655
  174.75094258  201.52897979  967.59001875  560.79449417  706.983745
  219.09732704  210.37083857  885.74437368  724.4109651   642.97736734
  487.87858028]
X
[ 492.61120094  363.38051531  381.53242736  494.72777719 1110.92180866
  215.40279018  980.04964775  135.9568547   946.52375663  107.13266041
  783.43658814  190.11154016  174.45704135  792.44527904  457.10296955
  903.2792768   215.64551824  262.85924538  611.95484374  145.95738641
  539.23154821  122.87083653  207.67208898  460.85219015 1101.17056401
  937.2601973   273.22582596  369.48128809  722.29662113  926.0386304
  605.31018747  258.35971672  916.77823792  231.77769088  118.74937886
  399.02243222  716.54415747 1069.08501277  333.1504511   492.36030026
  354.84569574  235.19177463  326.28206206  154.30127284  880.80420428
 1156.20374957  798.40317959  153.43535805  110.41159256  269.10500543
  435.53670965  649.01990838  859.37825825  897.16588576  366.5679168
  143.44019543 1143.19064182  141.45998317  317.965975   1031.82687789
  267.74098934  866.47926493  116.57141464  498.88905024  330.47180253
  212.23189719  175.24036086  490.44934635  238.43162749  265.84228382
 1038.81729548  192.44143927  150.46877112  604.43819506  203.00561471
  515.10992654  276.51368183 1024.03927677  123.06781769  443.48637991
  465.41206885  310.31166375  250.435749    237.80396804  122.00644789
  577.60801088  203.67093656  623.68839135  612.19542902  443.3576049
  174.63947087  201.7518072   964.17648287  561.19222517  705.38423459
  219.33898708  209.90077048  886.33401186  725.09035313  644.09435734
  488.89925241]
