samples: 101 r2 stat 0.999974657750317
Partial Molar Volumes:

[0.94468143 0.19295703]
Matrix of selected instances
[[1.06152249e+01 2.56795294e+03]
 [8.92145329e+00 1.87891294e+03]
 [9.96782007e+00 1.96030588e+03]
 [1.24020761e+01 2.57317882e+03]
 [2.06925606e+01 5.78581412e+03]
 [4.49134948e+00 1.11664235e+03]
 [2.08506920e+01 5.07777176e+03]
 [3.10190311e+00 7.01209412e+02]
 [2.23975779e+01 4.90673176e+03]
 [2.32249135e+00 5.56131765e+02]
 [1.72896194e+01 4.04837176e+03]
 [4.44688581e+00 9.83400000e+02]
 [3.61401384e+00 9.09291765e+02]
 [1.41565744e+01 4.11756235e+03]
 [9.77941176e+00 2.36485176e+03]
 [1.43271626e+01 4.69833176e+03]
 [3.98650519e+00 1.12130118e+03]
 [4.71678201e+00 1.37180000e+03]
 [1.07984429e+01 3.19513412e+03]
 [2.36730104e+00 7.59898824e+02]
 [7.02266436e+00 2.82193882e+03]
 [1.48114187e+00 6.43395294e+02]
 [2.53044983e+00 1.08791294e+03]
 [6.59705882e+00 2.40975765e+03]
 [1.43638408e+01 5.74745647e+03]
 [1.20006920e+01 4.90342588e+03]
 [4.60674740e+00 1.42847059e+03]
 [6.45138408e+00 1.92634588e+03]
 [1.07662630e+01 3.75919294e+03]
 [1.41885813e+01 4.85212706e+03]
 [9.66799308e+00 3.15725176e+03]
 [4.95467128e+00 1.33874118e+03]
 [1.56752595e+01 4.79380941e+03]
 [3.88269896e+00 1.20918588e+03]
 [1.93858131e+00 6.17569412e+02]
 [6.80916955e+00 2.08440235e+03]
 [1.32416955e+01 3.74461882e+03]
 [2.03245675e+01 5.56240706e+03]
 [5.82612457e+00 1.74607294e+03]
 [1.05541522e+01 2.55178353e+03]
 [5.89965398e+00 1.85042824e+03]
 [2.96124567e+00 1.22679529e+03]
 [3.81418685e+00 1.70678353e+03]
 [1.68131488e+00 8.05985882e+02]
 [1.18186851e+01 4.60192941e+03]
 [1.74761246e+01 6.02362353e+03]
 [1.10785467e+01 4.18026824e+03]
 [2.34325260e+00 7.99623529e+02]
 [1.94083045e+00 5.74694118e+02]
 [5.29896194e+00 1.39877412e+03]
 [8.90484429e+00 2.26970588e+03]
 [1.08183391e+01 3.37579765e+03]
 [1.78259516e+01 4.48655059e+03]
 [1.91960208e+01 4.66109176e+03]
 [9.91401384e+00 1.89419059e+03]
 [3.48408304e+00 7.41472941e+02]
 [2.35403114e+01 5.95414588e+03]
 [4.02404844e+00 7.25350588e+02]
 [1.00634948e+01 1.63885412e+03]
 [2.32371972e+01 5.35226588e+03]
 [8.85761246e+00 1.38027765e+03]
 [2.05515571e+01 4.47218353e+03]
 [3.60432526e+00 6.01898824e+02]
 [1.61017301e+01 2.56604941e+03]
 [1.08949827e+01 1.69027294e+03]
 [5.82854671e+00 1.09570824e+03]
 [4.29480969e+00 9.03040000e+02]
 [1.25096886e+01 2.54151765e+03]
 [7.24965398e+00 1.23064471e+03]
 [7.99792388e+00 1.36497647e+03]
 [1.97159170e+01 5.40515529e+03]
 [4.48512111e+00 1.00218588e+03]
 [3.19446367e+00 7.79098824e+02]
 [1.15847751e+01 3.14201176e+03]
 [4.96989619e+00 1.04728000e+03]
 [1.02444637e+01 2.67490824e+03]
 [7.57197232e+00 1.41996706e+03]
 [1.92778547e+01 5.33366824e+03]
 [3.43044983e+00 6.35832941e+02]
 [1.55020761e+01 2.27139529e+03]
 [1.59589965e+01 2.38759529e+03]
 [1.19837370e+01 1.58124000e+03]
 [8.93217993e+00 1.27360000e+03]
 [8.11885813e+00 1.22084941e+03]
 [3.88148789e+00 6.26952941e+02]
 [1.82513841e+01 2.95700471e+03]
 [6.06885813e+00 1.04381412e+03]
 [1.86548443e+01 3.19912000e+03]
 [1.83795848e+01 3.14963529e+03]
 [1.24679931e+01 2.27860235e+03]
 [4.62024221e+00 9.00021176e+02]
 [4.60968858e+00 1.04877882e+03]
 [2.19788927e+01 4.99138353e+03]
 [1.44162630e+01 2.89070118e+03]
 [1.79557093e+01 3.65885647e+03]
 [5.42024221e+00 1.13935765e+03]
 [4.88719723e+00 1.09151529e+03]
 [2.08669550e+01 4.59208706e+03]
 [1.70449827e+01 3.76797412e+03]
 [1.60724913e+01 3.31341882e+03]
 [1.47032872e+01 2.51098588e+03]]
N . X_bar
[ 505.5325749   370.97738933  387.67121267  508.22895079 1135.96137772
  219.70688485  999.48901307  138.23359477  967.9469572   109.50354726
  797.49496864  193.95483235  178.86832879  807.88604954  465.55319823
  920.11074106  220.12892057  269.15430817  626.72467373  148.86416434
  551.14711082  125.54685137  212.31091744  471.21179413 1122.58137613
  957.48731902  279.98534884  377.79648021  735.53338847  949.65570882
  618.34709251  263.00010539  939.80734622  236.98882846  120.9957004
  408.63258041  735.05970517 1092.50577926  342.42087809  502.35487904
  362.62642743  239.51620842  332.93906975  157.10894788  899.13951737
 1178.80986784  817.07783468  156.50660743  112.72473577  274.90912833
  446.36794383  661.6037671   882.55131546  917.52454117  374.86297223
  146.36376405 1171.13239221  143.76293802  325.73521747 1054.70906951
  274.70189538  882.35391942  119.54554763  510.34827508  336.44233204
  216.93072511  178.30514204  502.22136374  244.31015916  270.937294
 1061.58796516  197.61582056  153.35034446  617.21717576  206.77500553
  525.82009938  281.14572598 1047.3802054   125.92911725  452.92621011
  475.77946106  316.43218569  254.1881361   243.24120934  124.64174611
  587.81658514  207.1444081   634.91557423  625.10711987  451.45062086
  178.03006889  206.72393262  983.88558613  571.39988543  722.96449772
  224.96746823  215.23239227  905.78809873  743.15916811  654.53083472
  498.40229702]
X
[ 504.185799    370.58367596  389.75485874  507.8214279  1137.2840683
  219.58301749  995.26283749  138.28855585  967.61494283  109.49360546
  804.49427741  193.85641713  178.51068431  810.28160346  463.85488167
  924.52053792  220.06465062  269.60411688  627.78809529  148.84172674
  552.92653857  126.2482213   210.78284331  470.71976551 1120.59604543
  957.6343632   279.23840976  378.25759908  737.81419373  947.51803703
  617.91040074  263.34572528  940.25440927  237.59393142  121.14321178
  409.97922131  733.71503137 1093.71722329  342.79902161  503.97064151
  361.18255064  239.13394074  331.39200501  156.88216821  898.08163611
 1180.97077897  817.57169752  157.63830038  112.56321568  273.22778905
  446.93304303  659.59375979  882.375319    918.73649357  373.92882912
  146.26310347 1170.00693676  144.26733966  325.78655669 1052.64950183
  274.4550543   881.3105521   119.21927986  509.91619552  336.31381848
  217.71165522  179.10596533  501.98122249  244.49775664  273.08499407
 1057.33720503  196.30721854  152.57514996  619.65070359  207.55361307
  525.9348384   280.95306423 1047.96407706  125.30421817  452.91633184
  476.94888635  318.41962656  254.59297706  243.81945653  124.97943494
  588.84402254  207.65004354  634.38473567  623.35566927  452.71081003
  177.95881565  205.8309508   985.92612656  571.62153806  719.44031606
  224.62820368  214.19478069  902.76292266  740.69051767  657.38608656
  499.15104953]
