samples: 101 r2 stat 0.9999735328509671
Partial Molar Volumes:

[2.07443603 0.19315575 0.25398802]
Matrix of selected instances
[[1.48019360e+01 2.29756962e+03 7.13314580e+01]
 [1.12862993e+01 1.68363038e+03 5.19338959e+01]
 [1.17483246e+01 1.76733924e+03 5.45602438e+01]
 [1.51053611e+01 2.31346835e+03 7.09413971e+01]
 [2.28037975e+01 5.34019241e+03 1.12893108e+02]
 [6.51507818e+00 1.00386076e+03 3.01879981e+01]
 [2.19802681e+01 4.66621519e+03 1.06373183e+02]
 [3.90227103e+00 6.31954430e+02 1.93037975e+01]
 [2.26411020e+01 4.48643291e+03 1.10983122e+02]
 [2.98250186e+00 5.01402532e+02 1.48307548e+01]
 [2.19906925e+01 3.66087848e+03 1.04020628e+02]
 [6.61150410e+00 8.66830380e+02 3.16530708e+01]
 [5.93577811e+00 8.04374684e+02 2.86943272e+01]
 [2.13799330e+01 3.71673924e+03 1.03977028e+02]
 [1.58548027e+01 2.08077215e+03 7.78546648e+01]
 [2.23603872e+01 4.28453671e+03 1.09017815e+02]
 [6.74478779e+00 9.95605063e+02 3.28766995e+01]
 [8.45718541e+00 1.21752405e+03 4.16366620e+01]
 [1.79125093e+01 2.86798987e+03 8.88640413e+01]
 [4.28350707e+00 6.77825316e+02 2.09235818e+01]
 [1.75819062e+01 2.47623797e+03 8.71247070e+01]
 [3.52829486e+00 5.74081013e+02 1.74908579e+01]
 [6.97393894e+00 9.44665823e+02 3.45264885e+01]
 [1.54758004e+01 2.10562785e+03 7.72437881e+01]
 [2.32129561e+01 5.26034430e+03 1.16138772e+02]
 [2.27174237e+01 4.43696203e+03 1.12591655e+02]
 [9.13905436e+00 1.25434937e+03 4.46558837e+01]
 [1.24642591e+01 1.69633671e+03 6.13642757e+01]
 [2.04940432e+01 3.35941013e+03 1.00697609e+02]
 [2.30461653e+01 4.38608861e+03 1.13711205e+02]
 [1.88747208e+01 2.81447342e+03 9.12723863e+01]
 [8.63253909e+00 1.18436962e+03 4.26000938e+01]
 [2.26567386e+01 4.35267848e+03 1.13448664e+02]
 [7.84642591e+00 1.06618228e+03 3.83895921e+01]
 [3.27084885e+00 5.56437975e+02 1.66896390e+01]
 [1.35813477e+01 1.83784304e+03 6.66563526e+01]
 [2.08047282e+01 3.36308608e+03 1.00778247e+02]
 [2.33562919e+01 5.11998228e+03 1.16727145e+02]
 [1.20067014e+01 1.52436962e+03 5.83427098e+01]
 [1.64722636e+01 2.25514937e+03 8.03778715e+01]
 [1.24970216e+01 1.61153165e+03 6.11523676e+01]
 [7.47896500e+00 1.07941519e+03 3.60178153e+01]
 [1.08821668e+01 1.49468354e+03 5.35293015e+01]
 [4.35908414e+00 7.19544304e+02 2.26165026e+01]
 [2.13838421e+01 4.17367342e+03 1.08572433e+02]
 [2.37427401e+01 5.54628101e+03 1.17891702e+02]
 [2.00967982e+01 3.77411139e+03 1.02466010e+02]
 [4.08116158e+00 7.17551899e+02 2.18241913e+01]
 [2.67107223e+00 5.21744304e+02 1.32742616e+01]
 [8.10927029e+00 1.24603291e+03 4.03745898e+01]
 [1.30623604e+01 2.02983797e+03 6.62728551e+01]
 [1.70405808e+01 3.03603038e+03 8.72020628e+01]
 [1.98162695e+01 4.10180759e+03 1.00641819e+02]
 [2.00526806e+01 4.29650633e+03 1.01163150e+02]
 [1.11569248e+01 1.69445063e+03 5.68945148e+01]
 [3.92405063e+00 6.70506329e+02 1.96413502e+01]
 [2.21442666e+01 5.52826076e+03 1.11034693e+02]
 [3.85443038e+00 6.58858228e+02 1.95011721e+01]
 [1.08998511e+01 1.45937215e+03 5.39170183e+01]
 [2.08064036e+01 4.96840000e+03 1.03849508e+02]
 [8.71425912e+00 1.23625570e+03 4.36999531e+01]
 [2.05804170e+01 4.09675949e+03 1.02162682e+02]
 [3.16046165e+00 5.48825316e+02 1.52362869e+01]
 [1.56455696e+01 2.31495949e+03 7.58443507e+01]
 [1.10917722e+01 1.51067848e+03 5.49390530e+01]
 [7.01414743e+00 9.81637975e+02 3.36994843e+01]
 [5.44415488e+00 8.06873418e+02 2.72864510e+01]
 [1.60523083e+01 2.25674430e+03 8.03699015e+01]
 [8.62025316e+00 1.08919241e+03 4.10042194e+01]
 [9.83358153e+00 1.20513418e+03 4.74857009e+01]
 [2.10333209e+01 4.98692658e+03 1.05197843e+02]
 [6.00521221e+00 8.88675949e+02 3.07201125e+01]
 [4.28332092e+00 6.96658228e+02 2.21345523e+01]
 [1.70040953e+01 2.81035443e+03 8.98045007e+01]
 [7.04076694e+00 9.23534177e+02 3.48045007e+01]
 [1.64272152e+01 2.37356203e+03 8.47496484e+01]
 [1.02086746e+01 1.25158734e+03 5.09521800e+01]
 [2.11284438e+01 4.90671646e+03 1.06890764e+02]
 [3.32892777e+00 5.77025316e+02 1.66722925e+01]
 [1.47983991e+01 2.02265570e+03 7.30328176e+01]
 [1.54437826e+01 2.13009367e+03 7.72339428e+01]
 [1.15476545e+01 1.40434684e+03 5.70267229e+01]
 [8.75409531e+00 1.13723544e+03 4.32648851e+01]
 [7.84102755e+00 1.09207595e+03 3.94439756e+01]
 [3.27382725e+00 5.74101266e+02 1.57655884e+01]
 [1.76982502e+01 2.67731646e+03 8.60276606e+01]
 [6.80845123e+00 9.33584810e+02 3.21481481e+01]
 [1.82676843e+01 2.89190380e+03 8.99559306e+01]
 [1.83518243e+01 2.84018228e+03 8.98420066e+01]
 [1.57732688e+01 2.01801519e+03 7.58813877e+01]
 [5.55938198e+00 8.05359494e+02 2.62095640e+01]
 [6.72989576e+00 9.27979747e+02 3.17463666e+01]
 [2.05307148e+01 4.62952152e+03 9.71776840e+01]
 [1.75193596e+01 2.59213671e+03 8.38954524e+01]
 [1.92943038e+01 3.32209114e+03 9.14655415e+01]
 [7.82781087e+00 1.00085316e+03 3.78115331e+01]
 [7.34549516e+00 9.61708861e+02 3.47632443e+01]
 [2.07667535e+01 4.18826582e+03 1.00229255e+02]
 [1.92617275e+01 3.41103544e+03 9.14660103e+01]
 [1.79566270e+01 3.01532911e+03 8.54524144e+01]
 [1.49609084e+01 2.27494430e+03 6.96000938e+01]]
N . X_bar
[ 492.61177858  361.80617501  379.6005253   496.21307573 1107.46736275
  215.08397646  973.92044919  135.06357424  941.73619619  106.80262331
  779.15799145  189.18791157  174.97099924  788.66976259  454.57702293
  901.65729523  214.64875713  263.29086948  613.69747951  145.12605504
  536.90076425  122.64873651  205.7039362   458.43667222 1093.71737616
  932.74748272  272.58523062  369.09928121  716.97893634  923.88729552
  605.96820553  257.49536089  916.55941464  231.96663827  118.50332705
  400.09349474  718.35394429 1067.05242521  334.16623424  490.18073142
  352.7328375   233.15797408  324.8768749   153.77107854  878.10451161
 1150.49192081  796.70596207  152.6084639   109.690382    267.75524087
  436.00441013  643.92458628  858.95710494  897.18711562  364.88772765
  142.64100972 1141.95367609  140.2110857   318.19143692 1029.21309141
  267.96632866  859.95349103  116.43477318  498.86701727  328.75926174
  212.71868055  174.07621946  489.61560787  238.68051557  265.23852578
 1033.60479386  191.91283491  149.07092592  600.91928124  201.83147961
  514.06974566  275.86977219 1018.73905493  122.59596563  439.93536254
  463.09346685  309.69663538  248.81213339  237.2247518   121.68657394
  575.70293976  202.6162113   619.33070594  609.48600504  441.78482957
  173.74931118  201.26855512  961.49030369  558.33732991  704.93694233
  219.16250876  209.82679964  877.52394022  722.04958724  641.38190728
  488.1316011 ]
X
[ 492.30208511  362.64291028  379.12952555  495.68911524 1112.73099595
  214.34412649  976.91122746  136.15470577  938.02423535  106.80998427
  780.35993221  188.98830799  174.40967834  787.99315274  454.21565818
  897.53463832  215.49376143  262.67063071  615.21764791  144.97245592
  536.96553864  122.59226977  205.99183692  459.6578022  1095.03357504
  937.00589709  273.39170425  369.60247864  717.19981793  923.07328793
  608.02376906  257.11604528  915.57643954  230.07513744  118.19594877
  398.05667008  719.95518976 1063.88428336  334.20290125  490.62768441
  353.25821158  233.0014871   324.10838478  154.16311052  876.88702138
 1153.22355266  795.81747095  152.79690493  109.25853894  267.45016223
  435.08386139  644.97620981  858.44109796  897.15669533  363.69744146
  143.39211164 1136.35156621  140.61608119  317.46308884 1025.62066413
  267.47149357  859.80596399  116.1835746   499.51400767  328.83443045
  212.25636249  174.23282428  489.91469639  238.01943306  264.26407351
 1034.51752386  192.98547962  149.23970632  601.89689988  201.64767189
  514.04977758  275.39990664 1020.52487868  122.463798    441.90548842
  463.70767978  309.70832468  250.42613714  237.58189933  121.47184262
  575.69061981  201.50099967  617.9100719   608.44903864  441.0254886
  174.3591228   200.96877267  960.5628307   559.29266814  705.36256321
  218.52503994  209.97388809  882.68682139  722.587077    638.49249254
  485.86414683]
