samples: 105 r2 stat 0.9999570116732985
Partial Molar Volumes:

[0.81594967 0.19621351 0.42195916]
Matrix of selected instances
[[7.87630943e+00 2.26892877e+03 7.81192288e+01]
 [5.03505238e+00 1.67986027e+03 5.24434297e+01]
 [5.22199839e+00 1.76146301e+03 5.49502790e+01]
 [7.24133763e+00 2.29740000e+03 7.43764587e+01]
 [2.02360999e+01 5.14569041e+03 1.53481481e+02]
 [3.00503626e+00 9.97150685e+02 3.04997463e+01]
 [1.70975020e+01 4.52154247e+03 1.42268392e+02]
 [1.84448026e+00 6.29712329e+02 1.88203957e+01]
 [1.73597905e+01 4.34437808e+03 1.43601725e+02]
 [1.53263497e+00 4.94331507e+02 1.51593100e+01]
 [1.34448026e+01 3.60136438e+03 1.18288686e+02]
 [2.75402901e+00 8.80369863e+02 2.58645358e+01]
 [2.55459307e+00 8.07534247e+02 2.41603247e+01]
 [1.33142627e+01 3.65119178e+03 1.17699645e+02]
 [7.51289283e+00 2.09584384e+03 6.78203957e+01]
 [1.51569299e+01 4.17348767e+03 1.31836631e+02]
 [3.00966962e+00 1.00521096e+03 2.75266362e+01]
 [3.82091056e+00 1.22487123e+03 3.66377473e+01]
 [9.48207091e+00 2.85240274e+03 8.89568747e+01]
 [1.87590653e+00 6.79178082e+02 1.88843227e+01]
 [7.59931507e+00 2.49436712e+03 7.47158803e+01]
 [1.63618050e+00 5.70936986e+02 1.59477423e+01]
 [2.58319903e+00 9.68717808e+02 2.53084729e+01]
 [6.37570508e+00 2.14965205e+03 6.04358194e+01]
 [1.76430298e+01 5.11798082e+03 1.43654490e+02]
 [1.51571313e+01 4.37735616e+03 1.25770675e+02]
 [3.60616438e+00 1.29033151e+03 3.03439878e+01]
 [4.69037067e+00 1.74557260e+03 4.24013191e+01]
 [1.11863417e+01 3.36009589e+03 9.36935566e+01]
 [1.46202659e+01 4.33864384e+03 1.15874176e+02]
 [9.17465753e+00 2.82865205e+03 7.88949772e+01]
 [3.60435133e+00 1.21051507e+03 2.97534247e+01]
 [1.64051168e+01 4.26560548e+03 1.25507864e+02]
 [3.83380338e+00 1.07992603e+03 3.06610857e+01]
 [2.02256245e+00 5.45304110e+02 1.68574328e+01]
 [6.61905721e+00 1.85439452e+03 5.66321664e+01]
 [1.36303384e+01 3.30631507e+03 1.13313546e+02]
 [1.81593473e+01 4.97023014e+03 1.44179604e+02]
 [5.00241741e+00 1.54673151e+03 4.99847793e+01]
 [8.22381144e+00 2.27612603e+03 7.58548960e+01]
 [5.43150685e+00 1.64438630e+03 5.16534754e+01]
 [3.33722804e+00 1.08987397e+03 2.99091832e+01]
 [4.56607575e+00 1.52067123e+03 4.27270421e+01]
 [2.44077357e+00 7.17498630e+02 2.06631152e+01]
 [1.66611604e+01 4.05573425e+03 1.30089802e+02]
 [1.86500806e+01 5.36633151e+03 1.49823440e+02]
 [1.44121676e+01 3.67025479e+03 1.20825977e+02]
 [2.88678485e+00 7.03884932e+02 2.31897514e+01]
 [1.79955681e+00 5.04646575e+02 1.62460680e+01]
 [4.76954069e+00 1.24161644e+03 4.02125824e+01]
 [8.69863014e+00 1.99718630e+03 7.04327752e+01]
 [1.29671636e+01 2.94981096e+03 1.04797565e+02]
 [1.67876712e+01 3.96780548e+03 1.29467783e+02]
 [1.66248993e+01 4.15427397e+03 1.33555048e+02]
 [5.80439162e+00 1.69055342e+03 5.38696093e+01]
 [2.49717969e+00 6.61810959e+02 2.14434297e+01]
 [1.81001209e+01 5.33929315e+03 1.48881786e+02]
 [2.62912973e+00 6.42364384e+02 2.23074581e+01]
 [6.00080580e+00 1.45081096e+03 5.15885337e+01]
 [1.61921837e+01 4.80677808e+03 1.36410452e+02]
 [4.40310234e+00 1.23376438e+03 3.80380518e+01]
 [1.33628122e+01 4.00584658e+03 1.21714866e+02]
 [1.68976632e+00 5.41002740e+02 1.54180619e+01]
 [6.96716358e+00 2.33837534e+03 6.51973617e+01]
 [4.47804190e+00 1.54730685e+03 4.00091324e+01]
 [2.77095085e+00 9.99315068e+02 2.56737697e+01]
 [2.41740532e+00 8.19123288e+02 2.04865550e+01]
 [6.48912168e+00 2.29303014e+03 6.12744800e+01]
 [3.74153908e+00 1.11277260e+03 3.16910198e+01]
 [4.02377115e+00 1.23216438e+03 3.42856418e+01]
 [1.39147865e+01 4.88458082e+03 1.23057839e+02]
 [3.27316680e+00 8.92972603e+02 2.61522070e+01]
 [2.25322321e+00 6.95389041e+02 1.96702182e+01]
 [8.60334408e+00 2.84378904e+03 6.90679858e+01]
 [2.86422240e+00 9.53813699e+02 2.25301877e+01]
 [6.65975020e+00 2.44297534e+03 5.48381532e+01]
 [3.69157937e+00 1.29917534e+03 3.04982243e+01]
 [1.46728445e+01 4.81204932e+03 1.16939625e+02]
 [1.77397260e+00 5.71230137e+02 1.51801116e+01]
 [6.67405318e+00 2.07617534e+03 5.62932522e+01]
 [7.50483481e+00 2.16713151e+03 6.01451040e+01]
 [5.21051571e+00 1.44333425e+03 4.11740233e+01]
 [3.93835616e+00 1.16285753e+03 3.11917808e+01]
 [3.87429492e+00 1.10655342e+03 3.01090817e+01]
 [1.93573731e+00 5.67441096e+02 1.49137494e+01]
 [8.26329573e+00 2.70632329e+03 6.95063420e+01]
 [3.21897663e+00 9.45939726e+02 2.59274480e+01]
 [9.17304593e+00 2.91573699e+03 7.41080670e+01]
 [9.10697019e+00 2.86788493e+03 7.32886859e+01]
 [6.90310234e+00 2.06735068e+03 5.62648402e+01]
 [2.60898469e+00 8.16775342e+02 2.00659564e+01]
 [2.98811442e+00 9.47863014e+02 2.37239980e+01]
 [1.58692587e+01 4.51607671e+03 1.19595129e+02]
 [8.50382756e+00 2.61146849e+03 6.98833080e+01]
 [9.98630137e+00 3.30663288e+03 8.57899543e+01]
 [3.25523771e+00 1.02536164e+03 2.54317605e+01]
 [3.10596293e+00 9.84306849e+02 2.46012177e+01]
 [1.30064464e+01 4.14870685e+03 1.05782344e+02]
 [1.04800564e+01 3.41289315e+03 8.17229833e+01]
 [9.32937147e+00 3.02066301e+03 7.50050736e+01]
 [6.85958904e+00 2.29681644e+03 5.44941654e+01]
 [5.75523771e+00 2.17602466e+03 4.68746829e+01]
 [7.85072522e+00 2.59334247e+03 6.17539320e+01]
 [5.33823529e+00 1.77401370e+03 4.03186200e+01]
 [2.32554392e+00 8.08128767e+02 1.80360223e+01]]
N . X_bar
[ 484.58427954  355.84861997  373.07050674  488.07331898 1090.92854648
  210.9760442   961.16988187  133.00450941  927.18446226  104.64168407
  767.51963273  185.90139009  170.72822078  776.94137611  445.98046054
  886.89164196  211.30682842  258.91359092  604.95302174  142.76297546
  527.15624375  120.08988844  202.86242625  452.49448265 1079.22914698
  924.33397366  268.92684968  364.22366335  707.95856365  912.12411798
  595.79627277  253.01511304  903.31437716  227.96199581  115.75949213
  393.15454159  707.67905244 1050.8813319   328.66287837  485.32456744
  348.87830562  229.19146441  320.13099896  151.49346564  864.27711472
 1131.38365484  782.89681648  150.25233406  107.34200217  264.48169537
  428.69233862  633.59361502  846.86506223  885.0445456   359.17629227
  140.94207749 1125.23228504  137.59864592  311.33332427 1013.92645847
  261.72445772  848.26331228  114.03660462  492.01631862  324.13858875
  209.17335853  171.34002819  481.07362254  234.76624481  259.5176372
 1021.69990849  188.91919374  146.58327187  594.15360198  198.99501662
  507.91825529  270.79690554 1005.50514746  119.93593121  436.57280168
  456.72283035  304.8269573   244.54351953  232.98676685  119.21206801
  567.08846969  199.17300348  610.86231749  601.07343792  435.01618851
  170.85817327  198.43224065  949.52805175  548.83200339  693.15422811
  214.57708431  206.04932298  869.28077847  712.69071329  631.95627583
  479.25781293  451.44062779  541.31226861  369.45400163  168.07377568]
X
[ 484.86834927  357.85531045  374.3521054   489.59980972 1097.237722
  210.66802706  959.44845838  132.64179443  925.81760259  105.34941767
  765.7147217   186.9853482   172.08565031  774.99643203  450.2316285
  885.93144757  212.6736567   258.92993469  602.38619601  143.06488172
  530.01740618  120.92098957  203.11087915  453.34472769 1080.04660856
  923.47492287  270.00077775  365.1191446   704.52378785  909.25233848
  595.09581847  253.82346797  904.16748784  229.01911385  116.60541418
  394.96045155  709.32399981 1046.15972454  328.95597077  482.84949513
  348.13944316  229.59086554  320.73018908  151.69573777  866.25880987
 1138.51932175  785.3039545   150.21317295  107.61173205  263.47475461
  427.21966335  634.99285236  842.82849639  881.4986244   358.75228274
  140.76728262 1121.58777173  139.17200377  311.42478713 1016.74110811
  264.60743528  846.52962028  114.61750272  492.29955855  325.38930657
  209.40342929  172.18105736  483.14622706  234.07625117  261.52431859
 1016.32607704  190.07847592  146.87021013  595.71042795  198.18095414
  506.5754781   271.4746     1006.99840434  120.58657412  437.97927005
  458.47681788  304.81710471  245.66802637  234.37772326  120.43795942
  566.08418108  199.78924396  612.72522649  598.82907619  433.66036512
  171.53725708  198.98320669  948.6281248   550.88487574  695.96322325
  215.78645384  206.13156148  867.38049638  712.48856565  630.12720768
  481.36478584  450.70613806  538.93367324  369.30821949  169.04483201]
