samples: 101 r2 stat 0.9999638699530932
Partial Molar Volumes:

[0.69843136 0.19264094 0.58562297]
Matrix of selected instances
[[4.04391892e+00 2.52804054e+03 1.04804805e+01]
 [2.69793323e+00 1.87006216e+03 7.20770771e+00]
 [3.01768680e+00 1.96524054e+03 7.61511512e+00]
 [4.41752782e+00 2.54427568e+03 9.43593594e+00]
 [1.48750000e+01 5.65776216e+03 3.02212212e+01]
 [1.65341812e+00 1.10487027e+03 4.09959960e+00]
 [1.37346979e+01 4.98190000e+03 2.49854855e+01]
 [1.06319555e+00 6.98559459e+02 2.44594595e+00]
 [1.13328696e+01 4.80220000e+03 2.29604605e+01]
 [1.00596184e+00 5.49083784e+02 2.38488488e+00]
 [8.84101749e+00 3.99273784e+03 1.49634635e+01]
 [1.37261526e+00 9.79151351e+02 3.09909910e+00]
 [1.10234499e+00 9.02162162e+02 2.71021021e+00]
 [6.75298092e+00 4.05466757e+03 1.47767768e+01]
 [2.20548490e+00 2.36284324e+03 6.07507508e+00]
 [9.05087440e+00 4.63067568e+03 1.75495495e+01]
 [1.08823529e+00 1.11095405e+03 2.75675676e+00]
 [1.36625596e+00 1.36413514e+03 3.66566567e+00]
 [3.56577901e+00 3.16831081e+03 9.30780781e+00]
 [7.90540541e-01 7.51135135e+02 1.95195195e+00]
 [2.56756757e+00 2.78765946e+03 6.64314314e+00]
 [8.02464229e-01 6.34229730e+02 1.90190190e+00]
 [1.15182830e+00 1.06315676e+03 2.87587588e+00]
 [1.95270270e+00 2.37798108e+03 5.41191191e+00]
 [1.48648649e+01 5.57707838e+03 3.33773774e+01]
 [1.00765103e+01 4.80216216e+03 2.24669670e+01]
 [1.36983307e+00 1.41500270e+03 3.18468468e+00]
 [1.87102544e+00 1.91161622e+03 4.78678679e+00]
 [6.19992051e+00 3.70221081e+03 1.28863864e+01]
 [1.19205087e+01 4.74120811e+03 2.30485485e+01]
 [4.48449921e+00 3.13043243e+03 8.24874875e+00]
 [1.50735294e+00 1.32857297e+03 3.23723724e+00]
 [1.11872019e+01 4.71054324e+03 1.94079079e+01]
 [1.36446741e+00 1.19589189e+03 3.30230230e+00]
 [9.99006359e-01 6.10816216e+02 2.38638639e+00]
 [2.59062003e+00 2.07080541e+03 6.14164164e+00]
 [6.74662162e+00 3.69323243e+03 1.53248248e+01]
 [1.74837043e+01 5.42397297e+03 3.27722723e+01]
 [2.47714626e+00 1.72637297e+03 6.21721722e+00]
 [3.73529412e+00 2.52955135e+03 9.35735736e+00]
 [2.55743243e+00 1.82462973e+03 6.29179179e+00]
 [1.75735294e+00 1.20398378e+03 4.24024024e+00]
 [1.84956280e+00 1.67637027e+03 4.96896897e+00]
 [1.16931638e+00 7.91778378e+02 3.23423423e+00]
 [9.16116852e+00 4.49172703e+03 2.57347347e+01]
 [1.24163355e+01 5.88504595e+03 3.35565566e+01]
 [6.48906995e+00 4.09908919e+03 1.93718719e+01]
 [1.29829094e+00 7.85994595e+02 3.70420420e+00]
 [1.19574722e+00 5.60918919e+02 3.54404404e+00]
 [2.02186010e+00 1.38064595e+03 6.32432432e+00]
 [3.30862480e+00 2.23074324e+03 1.03843844e+01]
 [5.79848967e+00 3.30626216e+03 1.70975976e+01]
 [1.05282194e+01 4.38733243e+03 2.65705706e+01]
 [1.20878378e+01 4.56748378e+03 2.94504505e+01]
 [2.60254372e+00 1.88474054e+03 7.61611612e+00]
 [1.49562798e+00 7.33864865e+02 4.43193193e+00]
 [2.14717806e+01 5.76074595e+03 4.64654655e+01]
 [1.58207472e+00 7.17694595e+02 4.23823824e+00]
 [2.56875994e+00 1.63068919e+03 7.88288288e+00]
 [1.88825517e+01 5.18072973e+03 4.09474474e+01]
 [2.25675676e+00 1.37853514e+03 6.65365365e+00]
 [1.32013116e+01 4.37266216e+03 3.08228228e+01]
 [1.29769475e+00 5.94356757e+02 3.74624625e+00]
 [4.17587440e+00 2.55752162e+03 1.15045045e+01]
 [2.84419714e+00 1.69031892e+03 6.91491491e+00]
 [1.96800477e+00 1.09147838e+03 5.14864865e+00]
 [1.55802862e+00 8.97651351e+02 3.98548549e+00]
 [4.74383943e+00 2.52346216e+03 1.08773774e+01]
 [2.01251987e+00 1.22622162e+03 4.91391391e+00]
 [2.46224165e+00 1.36473243e+03 6.02452452e+00]
 [1.69789348e+01 5.25688108e+03 3.79859860e+01]
 [1.92011129e+00 9.86613514e+02 4.86536537e+00]
 [1.51808426e+00 7.64097297e+02 3.90490490e+00]
 [5.16633545e+00 3.08842162e+03 1.66151151e+01]
 [1.79431638e+00 1.03639730e+03 5.53953954e+00]
 [3.65957870e+00 2.65190541e+03 1.16706707e+01]
 [2.47317170e+00 1.41879459e+03 7.80530531e+00]
 [1.44296502e+01 5.18333784e+03 3.79614615e+01]
 [1.44713831e+00 6.26635135e+02 4.24624625e+00]
 [4.11128776e+00 2.26321351e+03 1.27647648e+01]
 [4.29133545e+00 2.38061351e+03 1.31116116e+01]
 [2.97297297e+00 1.57879459e+03 9.15515516e+00]
 [2.51748808e+00 1.27884865e+03 7.29629630e+00]
 [2.43700318e+00 1.21564865e+03 7.19919920e+00]
 [1.46760731e+00 6.20483784e+02 3.95145145e+00]
 [5.80147059e+00 2.94314865e+03 1.70505506e+01]
 [2.35472973e+00 1.03661081e+03 6.30280280e+00]
 [7.71283784e+00 3.15704324e+03 2.21191191e+01]
 [7.46999205e+00 3.10476216e+03 2.06246246e+01]
 [4.56418919e+00 2.25008919e+03 1.19099099e+01]
 [2.10492846e+00 8.81991892e+02 5.68718719e+00]
 [2.48847377e+00 1.02350541e+03 6.84284284e+00]
 [1.64155405e+01 4.86045946e+03 4.37742743e+01]
 [8.47237679e+00 2.82417027e+03 2.24319319e+01]
 [1.22839825e+01 3.55639730e+03 3.36701702e+01]
 [3.20349762e+00 1.10104324e+03 8.93943944e+00]
 [3.04590620e+00 1.06105405e+03 8.04104104e+00]
 [1.45262321e+01 4.44104595e+03 4.07072072e+01]
 [1.13495628e+01 3.63684865e+03 3.36626627e+01]
 [1.00266296e+01 3.23041622e+03 2.98598599e+01]
 [8.18422099e+00 2.44605405e+03 2.37127127e+01]]
N . X_bar
[ 495.9661106   366.35584916  385.1530143   498.74289316 1118.00401695
  216.39886385  983.94270633  136.74612067  946.46171643  107.87525375
  784.10255354  191.39821581  176.1504387   794.46507653  460.27842176
  908.65653899  216.38970865  265.88920584  618.28768401  146.39462311
  542.70097968  123.85287359  207.29616671  462.62967444 1104.302256
  945.28794545  275.40920662  372.36557589  725.07414558  935.17419316
  611.01221136  258.8861266   926.62267757  233.26462656  119.76346881
  404.32795214  725.1543811  1076.28260325  337.94117048  495.38387468
  356.96919121  235.64713778  327.13927612  155.23965848  886.7598063
 1162.02421878  805.5291689   154.49077004  110.96656756  271.08472998
  438.12465187  650.98403666  868.09340955  905.57374506  369.35605606
  145.01245046 1151.9633106   141.84434007  320.54799456 1035.18856595
  271.03502342  869.62450293  117.59768161  502.33722755  331.66063133
  214.65310163  176.3465661   495.80540587  240.50379108  268.15114246
 1046.79458814  194.25248821  150.54349964  608.29496147  204.14983578
  520.25612179  279.61622809 1030.83228637  124.21300625  446.33436559
  469.27928413  311.57835811  252.38977439  240.10179165  122.86966174
  581.008039    205.02936198  626.5161233   615.39982539  443.62178137
  174.70844074  202.91439527  973.42381749  563.10483778  713.40525439
  219.57856727  211.23882284  889.51190771  728.24645357  646.79994189
  490.81297285]
X
[ 497.33205516  365.58719626  382.7332783   499.08910156 1116.86305706
  216.16773477  985.2952728   136.36911583  948.60634305  108.20640737
  783.65293754  191.22066776  175.91472237  797.69959718  460.92271265
  912.71333885  217.01176543  266.29627177  615.78435633  146.75078239
  540.66606438  124.26683153  208.46563454  463.46250841 1104.63408573
  946.05692762  276.76855322  372.28965204  725.33441604  928.1575627
  612.63576026  260.58848028  928.45146491  233.54468514  119.94858544
  402.35987267  723.59691375 1074.42892984  338.19154122  494.2927337
  358.27062736  236.06136209  327.63245021  155.46073149  879.97524818
 1156.32495619  807.45811671  155.6938601   110.89601976  270.18786017
  440.34094847  649.8731865   871.05932241  905.61996183  367.34468128
  143.44753742 1152.77958975  141.3346278   321.44282647 1037.13571383
  271.07966863  871.79199697  118.31125203  501.64969048  332.44211504
  214.76171147  176.21082919  495.67815721  241.62178381  266.57516056
 1046.1488804   193.98645642  150.63543914  610.66614986  203.70169871
  520.91496119  278.79360733 1030.16349863  123.68929578  447.37805654
  468.34888202  312.35052587  251.55368005  239.53779726  122.69359246
  582.79982995  204.4810278   628.60615343  613.68385454  446.74184918
  176.04347445  202.98306127  970.32014722  561.14773364  709.94506607
  221.36857369  212.13200754  890.93666498  732.6329889   649.50195492
  492.30620945]
